0            1  6.45254e-07   1.6149e-06        1.807 -6.45254e-07            1  1.80879e-08 -1.16598e-06  -1.6149e-06 -1.80889e-08            1      1.96997            0            0            0            1
0.028            1   4.5298e-07  0.000150029      1.80733 -4.52962e-07            1 -1.19616e-07 -8.18174e-07 -0.000150029  1.19548e-07            1      1.96654            0            0            0            1
0.048            1 -3.36561e-06  0.000408263      1.80778  3.36552e-06            1  2.18939e-07  6.06664e-06 -0.000408263 -2.17565e-07            1      1.96164            0            0            0            1
0.073            1 -1.65879e-05  0.000859017       1.8084  1.65876e-05            1  3.18655e-07  2.98449e-05 -0.000859017 -3.04406e-07            1      1.95512            0            0            0            1
0.085     0.999999 -2.71211e-05   0.00114257      1.80872   2.7121e-05            1  7.38208e-08  4.87531e-05  -0.00114257  -4.2833e-08     0.999999      1.95169            0            0            0            1
0.099     0.999999 -4.18689e-05   0.00148546      1.80907  4.18686e-05            1  2.43511e-07  7.51857e-05  -0.00148546 -1.81316e-07     0.999999      1.94796            0            0            0            1
0.108     0.999999 -5.35709e-05   0.00172719      1.80929  5.35696e-05            1  7.81263e-07  9.61337e-05  -0.00172719 -6.88737e-07     0.999999      1.94555            0            0            0            1
0.202     0.999987 -0.000245366   0.00518963       1.8117  0.000245326            1  8.34226e-06  0.000437365  -0.00518963 -7.06899e-06     0.999987       1.9196            0            0            0            1
0.223     0.999976 -0.000691123   0.00684848      1.81163  0.000873345     0.999645   -0.0266406  3.55289e-05  -0.00682763     0.026646     0.999622       1.9137            0            0            0            1
0.238     0.999956  -0.00151343   0.00928445      1.81066   0.00231217     0.996238   -0.0866325 -0.000924136  -0.00911841    0.0866501     0.996197      1.90959            0            0            0            1
0.259    0.999893 -0.00213323    0.014495     1.80784  0.00517683    0.976967   -0.213326 -0.00319515  -0.0137061    0.213378    0.976874      1.9039           0           0           0           1
0.275     0.99982 -0.00133697   0.0189334     1.80482  0.00726659     0.94848   -0.316753 -0.00545784  -0.0175344    0.316833    0.948319      1.8999           0           0           0           1
0.29    0.999723 0.000808932   0.0235304     1.80076  0.00921815    0.906177   -0.422799 -0.00841299  -0.0216647    0.422898    0.905918     1.89572           0           0           0           1
0.311   0.999586 0.00470646  0.0283989    1.79426  0.0112071   0.845081  -0.534521 -0.0130055 -0.0265151   0.534618   0.844678    1.89045          0          0          0          1
0.396   0.999237  0.0102466  0.0376785    1.75621  0.0165802   0.762297  -0.647015 -0.0375576 -0.0353519   0.647146   0.761546    1.87278          0          0          0          1
0.415    0.99926 0.00689224  0.0378421    1.74519  0.0176038   0.792792  -0.609238  -0.044132 -0.0341999   0.609454   0.792084    1.86981          0          0          0          1
0.431   0.999301 0.00348204  0.0372079    1.73552  0.0181814   0.824569  -0.565469 -0.0498439 -0.0326495    0.56575    0.82393    1.86778          0          0          0          1
0.449    0.999332 0.000672649   0.0365416     1.72467   0.0184545    0.853721   -0.520404  -0.0562708  -0.0315463    0.520731    0.853138     1.86626           0           0           0           1
0.467     0.999333 -0.000831559    0.0364988      1.71394    0.0184576     0.874068    -0.485453   -0.0626231   -0.0314988     0.485803       0.8735      1.86555            0            0            0            1
0.483    0.999313 -0.00131715   0.0370335     1.70451   0.0183102    0.886401   -0.462557  -0.0681765  -0.0322173    0.462917    0.885816     1.86553           0           0           0           1
0.508    0.999261 -0.00128879   0.0384278     1.68995   0.0178879    0.900275   -0.434955   -0.076629   -0.034035    0.435321    0.899632     1.86651           0           0           0           1
0.585    0.999079 -0.00233368   0.0428422     1.64576   0.0173831    0.934915   -0.354447   -0.100369  -0.0392266    0.354865    0.934094     1.87574           0           0           0           1
0.605    0.999024 -0.00386464   0.0439903     1.63425   0.0182058     0.94361   -0.330558   -0.105857  -0.0402322    0.331037     0.94276     1.87948           0           0           0           1
0.625    0.998978 -0.00631305   0.0447486     1.62276    0.019449    0.953862   -0.299616   -0.111038  -0.0407925     0.30018     0.95301     1.88349           0           0           0           1
0.641    0.998957 -0.00870158   0.0448239     1.61422   0.0205086    0.962587   -0.270195    -0.11471  -0.0407958    0.270832    0.961762     1.88653           0           0           0           1
0.652   0.998948 -0.0108388  0.0445558    1.60744  0.0213814   0.969668  -0.243489  -0.117513 -0.0405652   0.244186    0.96888    1.88895          0          0          0          1
0.671   0.998942 -0.0141024  0.0437796    1.59737  0.0226405     0.9793  -0.201145  -0.121504 -0.0400367   0.201924   0.978583    1.89256          0          0          0          1
0.689   0.998939  -0.017439  0.0426122    1.58686  0.0238813   0.987516  -0.155699  -0.125444 -0.0393649   0.156552   0.986885    1.89631          0          0          0          1
0.784   0.998924 -0.0302852  0.0351332    1.53575  0.0288989   0.998809  0.0393165  -0.141182  -0.036282 -0.0382589   0.998609    1.91386          0          0          0          1
0.805   0.998914 -0.0325166  0.0333743    1.52458   0.030019   0.996896  0.0727876  -0.143795 -0.0356375 -0.0717067   0.996789    1.91745          0          0          0          1
0.828   0.998899 -0.0344418  0.0318666    1.51244  0.0310384   0.994326   0.101743  -0.146412   -0.03519  -0.100641     0.9943    1.92121          0          0          0          1
0.842   0.998889 -0.0352233   0.031306    1.50517  0.0314265   0.992933   0.114444   -0.14792 -0.0351158  -0.113333   0.992936     1.9234          0          0          0          1
0.86    0.99888 -0.0358254  0.0309091    1.49594  0.0316622   0.991523   0.126016  -0.149778 -0.0351616  -0.124896   0.991547    1.92609          0          0          0          1
0.872   0.998877 -0.0360133   0.030773    1.48987  0.0316778   0.990834   0.131316   -0.15097 -0.0352201  -0.130193   0.990863    1.92782          0          0          0          1
0.887   0.998879 -0.0360564   0.030656    1.48238  0.0315721   0.990216   0.135924  -0.152411  -0.035257  -0.134804   0.990245     1.9299          0          0          0          1
0.967   0.998991 -0.0338683  0.0295025    1.44377  0.0296686   0.990712   0.132704  -0.159199  -0.033723  -0.131695   0.990717    1.93947          0          0          0          1
0.981   0.999024 -0.0332087  0.0291113    1.43716  0.0292349   0.991387   0.127658  -0.160227 -0.0330999  -0.126682   0.991391    1.94087          0          0          0          1
1.001   0.999078 -0.0322183  0.0283861    1.42782  0.0286107   0.992431   0.119428  -0.161641 -0.0320189  -0.118506   0.992437    1.94277          0          0          0          1
1.018   0.999127 -0.0313615  0.0275985    1.41998  0.0280768   0.993281    0.11227  -0.162807  -0.030934  -0.111398   0.993294    1.94429          0          0          0          1
1.031   0.999167 -0.0307042  0.0268971    1.41405  0.0276678   0.993897   0.106781  -0.163676 -0.0300116  -0.105948   0.993919    1.94541          0          0          0          1
1.048   0.999219 -0.0298391  0.0258868    1.40638  0.0271231    0.99466  0.0995821  -0.164783   -0.02872 -0.0988023   0.994693    1.94682          0          0          0          1
1.074   0.999301 -0.0285037   0.024196    1.39482  0.0262601   0.995733  0.0884618  -0.166411 -0.0266143 -0.0877645   0.995786    1.94884          0          0          0          1
1.173   0.999583 -0.0234983  0.0168004    1.35195  0.0227288   0.998746  0.0446156  -0.171836 -0.0178278 -0.0442151   0.998863    1.95498          0          0          0          1
1.19   0.999621 -0.0227422  0.0154831    1.34507  0.0221517   0.999059  0.0372967  -0.172586 -0.0163167 -0.0369396   0.999184    1.95572          0          0          0          1
1.205   0.999655 -0.0220536  0.0142695    1.33864  0.0216108   0.999302  0.0304774  -0.173265 -0.0149317 -0.0301585   0.999434    1.95636          0          0          0          1
1.22   0.999687 -0.0213429  0.0130542    1.33184  0.0210337   0.999505   0.023385  -0.173974 -0.0135469 -0.0231031   0.999641    1.95703          0          0          0          1
1.237   0.999717 -0.0206172  0.0118583    1.32468  0.0204249   0.999661  0.0161208  -0.174709 -0.0121866  -0.015874     0.9998    1.95772          0          0          0          1
1.25   0.999738 -0.0200853  0.0110044    1.31924  0.0199663   0.999742  0.0108256  -0.175258  -0.011219  -0.010603   0.999881    1.95822          0          0          0          1
1.264    0.999758  -0.0195383   0.0101333     1.31343   0.0194836    0.999795  0.00546159   -0.175837  -0.0102379 -0.00526283    0.999934     1.95876           0           0           0           1
1.286    0.999785  -0.0187366  0.00885257     1.30438    0.018756    0.999822 -0.00211429   -0.176717 -0.00881137  0.00227987    0.999959     1.95955           0           0           0           1
1.38    0.999859  -0.0161305  0.00462818     1.26619   0.0162285    0.999627  -0.0219839   -0.179994 -0.00427184   0.0220559    0.999748     1.96217           0           0           0           1
1.4    0.999868  -0.0157612  0.00402479     1.25803   0.0158521    0.999595  -0.0236356   -0.180561 -0.00365063   0.0236963    0.999713     1.96254           0           0           0           1
1.413    0.999872  -0.0155523  0.00369148     1.25272   0.0156374    0.999583  -0.0242649   -0.180907 -0.00331256   0.0243196    0.999699     1.96274           0           0           0           1
1.432    0.999878  -0.0152611  0.00327473       1.245   0.0153375    0.999577  -0.0247233   -0.181393 -0.00289604   0.0247705    0.999689     1.96301           0           0           0           1
1.447    0.999882  -0.0150364  0.00300277     1.23894   0.0151062    0.999579  -0.0247611   -0.181763 -0.00262919   0.0248036    0.999689     1.96321           0           0           0           1
1.471    0.999889  -0.0146822  0.00267118      1.2293   0.0147429    0.999596  -0.0243175   -0.182332 -0.00231307   0.0243542    0.999701     1.96348           0           0           0           1
1.551    0.999904  -0.0136455  0.00251755     1.19781   0.0136913    0.999723   -0.019165   -0.183949 -0.00225533   0.0191977    0.999813     1.96395           0           0           0           1
1.569    0.999906  -0.0134646  0.00271402     1.19019   0.0135092    0.999762  -0.0171374   -0.184258 -0.00248263   0.0171725    0.999849     1.96394           0           0           0           1
1.589    0.999907  -0.0132973  0.00299634     1.18217   0.0133404    0.999801  -0.0148252   -0.184559 -0.00279861   0.0148638    0.999886      1.9639           0           0           0           1
1.601    0.999908  -0.0132006  0.00318762     1.17738   0.0132422    0.999822  -0.0134057   -0.184736 -0.00301009   0.0134467    0.999905     1.96386           0           0           0           1
1.611    0.999908  -0.0131208  0.00335445     1.17339   0.0131608    0.999839  -0.0122128   -0.184881 -0.00319366   0.0122559     0.99992     1.96382           0           0           0           1
1.627    0.999909  -0.0129919  0.00363263     1.16703   0.0130288    0.999862  -0.0103092    -0.18511 -0.00349819   0.0103556     0.99994     1.96376           0           0           0           1
1.64    0.999909  -0.0128871  0.00386903     1.16189   0.0129207    0.999878 -0.00877777   -0.185293 -0.00375544  0.00882697    0.999954      1.9637           0           0           0           1
1.729     0.999908   -0.0122901   0.00574904      1.12676    0.0122856     0.999924  0.000822388    -0.186387  -0.00575871 -0.000751682     0.999983      1.96304            0            0            0            1
1.747    0.999906  -0.0122399  0.00619388     1.11959   0.0122243    0.999922  0.00254624   -0.186543 -0.00622456 -0.00247028    0.999978     1.96284           0           0           0           1
1.764    0.999904  -0.0122096  0.00662435     1.11281   0.0121829    0.999918  0.00406579   -0.186675 -0.00667344  -0.0039847     0.99997     1.96263           0           0           0           1
1.781    0.999901  -0.0121792  0.00704758     1.10604   0.0121409    0.999911  0.00544933   -0.186805 -0.00711333 -0.00536323     0.99996     1.96243           0           0           0           1
1.796    0.999899  -0.0121505  0.00740957     1.10009    0.012102    0.999905  0.00655865   -0.186918 -0.00748856 -0.00646831    0.999951     1.96226           0           0           0           1
1.82    0.999895  -0.0121016  0.00796217     1.09061    0.012037    0.999895  0.00811889   -0.187095 -0.00805959 -0.00802219    0.999935       1.962           0           0           0           1
1.836    0.999893  -0.0120699  0.00831189     1.08431   0.0119949    0.999887  0.00901309   -0.187209 -0.00841975 -0.00891242    0.999925     1.96184           0           0           0           1
1.926   0.999878 -0.0120074 0.00998955    1.04886  0.0118879   0.999858  0.0119328  -0.187707 -0.0101314 -0.0118126   0.999879    1.96096          0          0          0          1
1.947   0.999874 -0.0120682  0.0103071    1.04049  0.0119432   0.999855  0.0120995  -0.187746 -0.0104517 -0.0119748   0.999874    1.96074          0          0          0          1
1.961   0.999872  -0.012114   0.010463    1.03608   0.011987   0.999855  0.0121196  -0.187755 -0.0106083 -0.0119926   0.999872    1.96063          0          0          0          1
1.973   0.999869 -0.0121898  0.0106847     1.0293  0.0120602   0.999854  0.0121105   -0.18777 -0.0108307   -0.01198    0.99987    1.96047          0          0          0          1
1.987   0.999867 -0.0122414  0.0108151    1.02492  0.0121106   0.999854  0.0120852  -0.187781 -0.0109614 -0.0119526   0.999868    1.96038          0          0          0          1
2.013   0.999862 -0.0123729  0.0110882    1.01421    0.01224   0.999853  0.0119779  -0.187812 -0.0112348 -0.0118406   0.999867     1.9602          0          0          0          1
2.031   0.999859 -0.0124657  0.0112301     1.0071  0.0123323   0.999853  0.0118754  -0.187831 -0.0113765 -0.0117353   0.999866     1.9601          0          0          0          1
2.107   0.999849 -0.0129249  0.0115779   0.977122  0.0127978   0.999858  0.0109818  -0.187842 -0.0117181  -0.010832   0.999873    1.95987          0          0          0          1
2.124   0.999847 -0.0130583  0.0115966   0.970369  0.0129347   0.999859  0.0106728  -0.187805 -0.0117343 -0.0105212   0.999876    1.95985          0          0          0          1
2.138   0.999846 -0.0131766  0.0116009   0.964796  0.0130562   0.999861  0.0103954  -0.187765 -0.0117362 -0.0102424   0.999879    1.95983          0          0          0          1
2.163    0.999843  -0.0133921   0.0115974    0.954872   0.0132776    0.999863  0.00989933   -0.187701  -0.0117284 -0.00974379    0.999884     1.95982           0           0           0           1
2.174    0.999842  -0.0134891   0.0115905    0.950516   0.0133771    0.999864  0.00968547   -0.187674  -0.0117196 -0.00952889    0.999886     1.95983           0           0           0           1
2.196    0.999839  -0.0136858   0.0115685    0.941823   0.0135789    0.999865  0.00927311   -0.187624  -0.0116939 -0.00911453     0.99989     1.95986           0           0           0           1
2.215    0.999837  -0.0138586   0.0115411    0.934333   0.0137558    0.999865  0.00893484   -0.187583  -0.0116634 -0.00877463    0.999893      1.9599           0           0           0           1
2.296    0.999828  -0.0146611   0.0113216    0.902378    0.014575    0.999864  0.00765455   -0.187332  -0.0114323 -0.00748822    0.999907     1.96016           0           0           0           1
2.315    0.999826  -0.0148828   0.0112343    0.894807   0.0148004    0.999863  0.00738314   -0.187219  -0.0113426 -0.00721559     0.99991     1.96023           0           0           0           1
2.333    0.999824  -0.0150934   0.0111514    0.888015   0.0150141    0.999862  0.00715944   -0.187106  -0.0112579 -0.00699075    0.999912     1.96029           0           0           0           1
2.353    0.999821  -0.0153641   0.0110512    0.879641    0.015288    0.999859  0.00693424   -0.186971  -0.0111562 -0.00676405    0.999915     1.96039           0           0           0           1
2.367    0.999819  -0.0155515   0.0109854    0.874068   0.0154772    0.999857  0.00681854   -0.186885  -0.0110898 -0.00664728    0.999916     1.96046           0           0           0           1
2.387    0.999816  -0.0157711    0.010912     0.86771   0.0156984    0.999854  0.00671592   -0.186791  -0.0110163 -0.00654339    0.999918     1.96055           0           0           0           1
2.402    0.999813  -0.0160366   0.0108251    0.860172   0.0159654    0.999851  0.00663013   -0.186683  -0.0109298 -0.00645607    0.999919     1.96067           0           0           0           1
2.489   0.999793 -0.0173954  0.0105437   0.825535  0.0173283   0.999829 0.00642214  -0.186131 -0.0106536 -0.0062381   0.999924    1.96119          0          0          0          1
2.509    0.999787  -0.0177582   0.0104868    0.817462   0.0176918    0.999823  0.00639376   -0.185937  -0.0105985 -0.00620687    0.999925     1.96131           0           0           0           1
2.531    0.999781  -0.0181673   0.0104075     0.80857   0.0181013    0.999816  0.00640042   -0.185702  -0.0105218 -0.00621063    0.999925     1.96144           0           0           0           1
2.553    0.999784  -0.0184475  0.00958384    0.800245   0.0183758    0.999803  0.00751743   -0.185406 -0.00972063  -0.0073397    0.999926     1.96114           0           0           0           1
2.573    0.999804  -0.0184246  0.00730821    0.793803   0.0183451    0.999773   0.0107965   -0.185043 -0.00750548  -0.0106603    0.999915     1.95994           0           0           0           1
2.598    0.999836  -0.0179285   0.0025398    0.787253   0.0178807    0.999683   0.0177218   -0.184545 -0.00285672  -0.0176734     0.99984     1.95718           0           0           0           1
2.691   0.999653  -0.009328 -0.0246304   0.775166  0.0106675   0.998439   0.054824  -0.183858  0.0240806 -0.0550677   0.998192    1.93592          0          0          0          1
2.707    0.999527 -0.00644905   -0.030078    0.774831   0.0083068    0.998038   0.0620544   -0.184068   0.0296188  -0.0622749    0.997619     1.93051           0           0           0           1
2.716    0.999464 -0.00507956  -0.0323334    0.774792  0.00717086    0.997866   0.0648955   -0.184201   0.0319347  -0.0650926    0.997368     1.92802           0           0           0           1
2.735   0.999304 -0.0014065 -0.0372713   0.774788 0.00400846   0.997551  0.0698286  -0.184675  0.0370819 -0.0699294   0.996862    1.92112          0          0          0          1
2.753    0.999171  0.00220328  -0.0406479    0.774912 0.000673883    0.997502   0.0706334   -0.185325    0.040702  -0.0706022    0.996674     1.91365           0           0           0           1
2.766    0.999109  0.00433711  -0.0419725    0.775061 -0.00143027    0.997613   0.0690393   -0.185815   0.0421718  -0.0689178    0.996731     1.90868           0           0           0           1
2.78    0.999061  0.00638348  -0.0428614    0.775285 -0.00353618    0.997801   0.0661806    -0.18638   0.0431896  -0.0659669    0.996887     1.90324           0           0           0           1
2.865   0.999084  0.0126723 -0.0408744   0.778073 -0.0111074   0.999205  0.0382874  -0.190119  0.0413271 -0.0377983    0.99843    1.86794          0          0          0          1
2.872    0.99911  0.0127471 -0.0402058    0.77841 -0.0113285   0.999312  0.0353164   -0.19044  0.0406283 -0.0348295   0.998567    1.86485          0          0          0          1
2.892   0.999186  0.0127034 -0.0382842   0.779444 -0.0116492    0.99955  0.0276343  -0.191316   0.038618 -0.0271658   0.998885    1.85589          0          0          0          1
2.91   0.999245  0.0124206 -0.0368007   0.780398 -0.0115944   0.999678  0.0225788  -0.191996  0.0370692  -0.022135   0.999068    1.84815          0          0          0          1
2.926     0.9993  0.0119513 -0.0354542   0.781413 -0.0112893   0.999759  0.0188139  -0.192616  0.0356705 -0.0184004   0.999194    1.84031          0          0          0          1
2.947   0.999362  0.0111878 -0.0339255   0.782734 -0.0106625   0.999821  0.0156266  -0.193311  0.0340942 -0.0152549   0.999302    1.83048          0          0          0          1
2.975    0.999439   0.0100133  -0.0319615    0.784575 -0.00960184    0.999869    0.013001   -0.194129   0.0320875  -0.0126868    0.999405     1.81719           0           0           0           1
3.06    0.999652  0.00658466  -0.0255443    0.790428 -0.00632662    0.999928   0.0101695   -0.196083   0.0256094  -0.0100043    0.999622      1.7757           0           0           0           1
3.088   0.999714 0.00574841 -0.0231994     0.7924 -0.0055138   0.999933  0.0101638  -0.196615  0.0232562  -0.010033   0.999679    1.76162          0          0          0          1
3.101    0.999742  0.00543575  -0.0220395    0.793302 -0.00521528    0.999936   0.0100488   -0.196852   0.0220927 -0.00993122    0.999707     1.75505           0           0           0           1
3.114     0.99977  0.00514911   -0.020826    0.794176 -0.00494745     0.99994  0.00972337   -0.197081   0.0208748  -0.0096181    0.999736     1.74849           0           0           0           1
3.133    0.999809  0.00475764  -0.0189772      0.7954 -0.00458921     0.99995  0.00890911   -0.197405   0.0190186 -0.00882031     0.99978     1.73898           0           0           0           1
3.152    0.999845  0.00438972  -0.0170791    0.796559 -0.00425666     0.99996  0.00781947   -0.197713   0.0171127 -0.00774556    0.999824     1.72953           0           0           0           1
3.239    0.999954  0.00309445 -0.00911288     0.80087 -0.00307257    0.999992  0.00241414   -0.198891  0.00912028 -0.00238603    0.999956     1.68949           0           0           0           1
3.258     0.999972   0.00290874  -0.00693518     0.801931  -0.00290342     0.999995  0.000777173     -0.19921   0.00693741 -0.000757015     0.999976      1.67795            0            0            0            1
3.276     0.999981   0.00280292  -0.00550587     0.802632   -0.0028036     0.999996 -0.000115294    -0.199425   0.00550552  0.000130728     0.999985      1.66982            0            0            0            1
3.298     0.999989   0.00261098  -0.00380085     0.803518  -0.00261331     0.999996 -0.000609052     -0.19969   0.00379925  0.000618978     0.999993      1.65893            0            0            0            1
3.32     0.999994    0.0023764  -0.00239846       0.8043  -0.00237736     0.999997 -0.000399994    -0.199917    0.0023975  0.000405694     0.999997      1.64863            0            0            0            1
3.332     0.999996   0.00223809  -0.00171144     0.804699  -0.00223823     0.999997 -8.28643e-05    -0.200029   0.00171125  8.66945e-05     0.999999      1.64306            0            0            0            1
3.423    0.999996  0.00153612  0.00243683    0.807074 -0.00154332    0.999994   0.0029572   -0.200704 -0.00243227 -0.00296095    0.999993     1.60283           0           0           0           1
3.441    0.999994  0.00158202  0.00314045     0.80747 -0.00159359    0.999992  0.00368328   -0.200839  -0.0031346 -0.00368826    0.999988       1.594           0           0           0           1
3.457    0.999992  0.00165728  0.00359717     0.80772  -0.0016722     0.99999  0.00414794   -0.200931 -0.00359026 -0.00415393    0.999985     1.58787           0           0           0           1
3.472     0.99999  0.00174515  0.00413365    0.807998  -0.0017642    0.999988  0.00461106   -0.201036 -0.00412555  -0.0046183    0.999981     1.58046           0           0           0           1
3.494    0.999987  0.00183418  0.00479982    0.808316 -0.00185841    0.999986  0.00504915   -0.201158 -0.00479049 -0.00505801    0.999976     1.57097           0           0           0           1
3.509    0.999985  0.00188156  0.00523005    0.808508 -0.00190907    0.999984  0.00526051   -0.201234 -0.00522007 -0.00527042    0.999972     1.56454           0           0           0           1
3.519    0.999983  0.00190707  0.00550555    0.808626  -0.0019366    0.999984  0.00536342    -0.20128 -0.00549523 -0.00537399     0.99997     1.56028           0           0           0           1
3.605    0.999971   0.0020888  0.00734774    0.809323 -0.00212894    0.999983  0.00545868   -0.201589 -0.00733621 -0.00547416    0.999958      1.5247           0           0           0           1
3.623    0.999969  0.00222821  0.00761267    0.809404 -0.00226861    0.999983  0.00530175   -0.201654 -0.00760073 -0.00531886    0.999957     1.51687           0           0           0           1
3.635    0.999967  0.00233886  0.00775129    0.809445 -0.00237913    0.999984  0.00519047   -0.201696 -0.00773902 -0.00520874    0.999956     1.51194           0           0           0           1
3.662    0.999965  0.00253485  0.00799534    0.809515 -0.00257521    0.999984    0.005042   -0.201775 -0.00798243 -0.00506241    0.999955     1.50092           0           0           0           1
3.676    0.999964  0.00261107  0.00808616     0.80954  -0.0026517    0.999984  0.00501775   -0.201809 -0.00807293 -0.00503901    0.999955     1.49524           0           0           0           1
3.692    0.999963  0.00267936  0.00816502    0.809561 -0.00272041    0.999984  0.00502016   -0.201842 -0.00815143 -0.00504219    0.999954     1.48876           0           0           0           1
3.715    0.999962  0.00274243  0.00824124    0.809575 -0.00278404    0.999983  0.00504182   -0.201879 -0.00822727 -0.00506458    0.999953      1.4799           0           0           0           1
3.803    0.999962   0.0031178  0.00817905     0.80947 -0.00315923    0.999982  0.00505771   -0.201986 -0.00816314 -0.00508335    0.999954     1.44438           0           0           0           1
3.824    0.999962  0.00338911  0.00806795    0.809402 -0.00342977    0.999981  0.00503099   -0.202028 -0.00805075 -0.00505847    0.999955     1.43603           0           0           0           1
3.846    0.999962  0.00372302   0.0079316    0.809319 -0.00376264     0.99998  0.00498684   -0.202075 -0.00791288 -0.00501649    0.999956      1.4273           0           0           0           1
3.868    0.999962  0.00400854  0.00780255    0.809229 -0.00404681     0.99998  0.00489448   -0.202115 -0.00778277 -0.00492586    0.999958     1.41859           0           0           0           1
3.883    0.999962  0.00415824  0.00772521    0.809169 -0.00419547     0.99998  0.00480945   -0.202136 -0.00770506 -0.00484167    0.999959     1.41306           0           0           0           1
3.896    0.999962  0.00427213  0.00765605    0.809113 -0.00430832     0.99998  0.00471669   -0.202152 -0.00763575  -0.0047495     0.99996     1.40793           0           0           0           1
3.982    0.999964  0.00470056  0.00712692    0.808708 -0.00473075     0.99998  0.00422471   -0.202202 -0.00710692 -0.00425827    0.999966     1.37411           0           0           0           1
3.996    0.999964  0.00481677   0.0070139    0.808628 -0.00484606     0.99998  0.00416595   -0.202215 -0.00699369 -0.00419979    0.999967      1.3682           0           0           0           1
4.007    0.999964  0.00491501  0.00692891    0.808567 -0.00494368    0.999979  0.00412702   -0.202227 -0.00690849 -0.00416113    0.999967     1.36387           0           0           0           1
4.022    0.999964  0.00502963   0.0068162    0.808485 -0.00505742    0.999979  0.00406635   -0.202239 -0.00679561 -0.00410068    0.999969     1.35797           0           0           0           1
4.042    0.999964  0.00514409  0.00667594    0.808378 -0.00517052    0.999979   0.0039482   -0.202247 -0.00665549 -0.00398257     0.99997      1.3501           0           0           0           1
4.059    0.999965  0.00520993  0.00657091    0.808292 -0.00523513    0.999979  0.00382372   -0.202249 -0.00655085 -0.00385798    0.999971     1.34382           0           0           0           1
4.078    0.999965  0.00526442  0.00644476    0.808187 -0.00528799    0.999979   0.0036445   -0.202246 -0.00642544 -0.00367846    0.999973     1.33597           0           0           0           1
4.157    0.999968  0.00546092  0.00592101    0.807778 -0.00547936     0.99998  0.00310225   -0.202216 -0.00590395  -0.0031346    0.999978     1.30534           0           0           0           1
4.175    0.999967  0.00561985  0.00579219    0.807673 -0.00563742     0.99998  0.00302142   -0.202223 -0.00577509 -0.00305398    0.999979     1.29786           0           0           0           1
4.195    0.999967  0.00582731  0.00566339     0.80756 -0.00584405    0.999979  0.00294454   -0.202235 -0.00564611 -0.00297754     0.99998     1.28997           0           0           0           1
4.208    0.999967  0.00594643  0.00558127    0.807487 -0.00596266    0.999978  0.00289496    -0.20224 -0.00556394 -0.00292815     0.99998     1.28484           0           0           0           1
4.226    0.999967  0.00607142  0.00547689    0.807392  -0.0060869    0.999978  0.00281405   -0.202243 -0.00545968  -0.0028473    0.999981     1.27814           0           0           0           1
4.239    0.999967  0.00614731  0.00539248    0.807315 -0.00616211    0.999977  0.00273324   -0.202242 -0.00537556 -0.00276638    0.999982     1.27262           0           0           0           1
4.256    0.999967  0.00621016  0.00528812    0.807223 -0.00622414    0.999977  0.00263252   -0.202237 -0.00527165 -0.00266535    0.999983     1.26593           0           0           0           1
4.342    0.999968  0.00644201  0.00474825    0.806755  -0.0064522    0.999977  0.00213365   -0.202194 -0.00473439 -0.00216422    0.999986     1.23207           0           0           0           1
4.352    0.999968  0.00652185  0.00469681    0.806697 -0.00653163    0.999977  0.00207082   -0.202197 -0.00468319 -0.00210143    0.999987     1.22812           0           0           0           1
4.39    0.999967   0.0068299  0.00450489    0.806475 -0.00683831    0.999975  0.00185334   -0.202207 -0.00449212 -0.00188408    0.999988     1.21311           0           0           0           1
4.4    0.999966  0.00689852  0.00445072    0.806417 -0.00690662    0.999975  0.00180597   -0.202208 -0.00443815 -0.00183665    0.999988     1.20917           0           0           0           1
4.413    0.999966  0.00697532  0.00437625    0.806342 -0.00698303    0.999974  0.00175107   -0.202207 -0.00436392 -0.00178157    0.999989     1.20403           0           0           0           1
4.435    0.999966  0.00705997  0.00423515    0.806216 -0.00706711    0.999974  0.00167301   -0.202199 -0.00422323 -0.00170288     0.99999     1.19536           0           0           0           1
4.454    0.999966  0.00710135  0.00410039    0.806108 -0.00710804    0.999973  0.00161835   -0.202186 -0.00408878 -0.00164745     0.99999     1.18787           0           0           0           1
4.548    0.999967  0.00737749  0.00338389    0.805554 -0.00738251    0.999972  0.00147341   -0.202127 -0.00337293 -0.00149834    0.999993     1.15081           0           0           0           1
4.56    0.999966  0.00750231  0.00331492    0.805475 -0.00750721    0.999971  0.00146751   -0.202132 -0.00330381 -0.00149234    0.999993     1.14607           0           0           0           1
4.581    0.999965  0.00772035  0.00319482    0.805336 -0.00772504    0.999969  0.00145535    -0.20214 -0.00318348 -0.00147997    0.999994     1.13776           0           0           0           1
4.604    0.999964  0.00789695  0.00304015    0.805184 -0.00790133    0.999968  0.00143215    -0.20214 -0.00302874 -0.00145612    0.999994     1.12868           0           0           0           1
4.623    0.999964  0.00800109  0.00289329    0.805058 -0.00800518    0.999967  0.00140577   -0.202135 -0.00288195 -0.00142888    0.999995     1.12118           0           0           0           1
4.636    0.999964  0.00804953  0.00279118    0.804979 -0.00805342    0.999967  0.00138745   -0.202129 -0.00277992 -0.00140988    0.999995     1.11644           0           0           0           1
4.717    0.999964  0.00820563  0.00193425    0.804429 -0.00820817    0.999965  0.00130663   -0.202057 -0.00192346 -0.00132246    0.999997     1.08455           0           0           0           1
4.737    0.999964  0.00831745  0.00171069    0.804274  -0.0083197    0.999965  0.00131365   -0.202046  -0.0016997 -0.00132783    0.999998     1.07628           0           0           0           1
4.748    0.999964  0.00839103    0.001593    0.804191 -0.00839316    0.999964  0.00133428   -0.202042 -0.00158175  -0.0013476    0.999998     1.07195           0           0           0           1
4.765    0.999963  0.00848401  0.00139298    0.804062 -0.00848593    0.999963  0.00137918   -0.202032 -0.00138123 -0.00139095    0.999998     1.06526           0           0           0           1
4.78    0.999963  0.00854195  0.00119843    0.803949 -0.00854365    0.999962  0.00141802   -0.202018 -0.00118627 -0.00142821    0.999998     1.05936           0           0           0           1
4.799     0.999963   0.00859179  0.000931594     0.803805  -0.00859314     0.999962   0.00146197    -0.201998 -0.000918998  -0.00146993     0.999998       1.0519            0            0            0            1
4.814     0.999963   0.00861585  0.000721297     0.803699  -0.00861692     0.999962    0.0014909     -0.20198 -0.000708424  -0.00149706     0.999999      1.04641            0            0            0            1
4.834     0.999963   0.00863319  0.000399067     0.803546   -0.0086338     0.999962   0.00153191    -0.201952 -0.000385826   -0.0015353     0.999999      1.03858            0            0            0            1
4.944    0.999958  0.00902152 -0.00169568    0.802627 -0.00901762    0.999957  0.00229685   -0.201813  0.00171633 -0.00228147    0.999996     0.99525           0           0           0           1
4.967    0.999954   0.0093495 -0.00208853    0.802404 -0.00934407    0.999953  0.00259512   -0.201812  0.00211269 -0.00257548    0.999994    0.986276           0           0           0           1
4.985    0.999951  0.00964842 -0.00238379    0.802221 -0.00964166     0.99995  0.00282916   -0.201816  0.00241097 -0.00280604    0.999993    0.979258           0           0           0           1
4.999    0.999948  0.00984739 -0.00263515    0.802079 -0.00983955    0.999947    0.002974   -0.201817  0.00266429 -0.00294791    0.999992    0.973811           0           0           0           1
5.018    0.999945   0.0100528 -0.00302129    0.801888  -0.0100434    0.999945  0.00311456   -0.201812  0.00305243 -0.00308405    0.999991    0.966436           0           0           0           1
5.089    0.999934   0.0103813 -0.00491399    0.801167  -0.0103652    0.999941  0.00328851   -0.201753  0.00494784 -0.00323735    0.999983    0.939067           0           0           0           1
5.106    0.999928   0.0106169 -0.00554506    0.801244  -0.0105935    0.999935  0.00424167   -0.201761  0.00558974 -0.00418262    0.999976    0.934005           0           0           0           1
5.128    0.999891   0.0122991 -0.00810715    0.802852  -0.0121986     0.99985   0.0123335   -0.201909  0.00825762  -0.0122333    0.999891    0.927124           0           0           0           1
5.143   0.999849  0.0139366  -0.010386   0.804613 -0.0137226   0.999698  0.0204046  -0.202075  0.0106672  -0.020259   0.999738     0.9246          0          0          0          1
5.157   0.999779  0.0161792 -0.0134289   0.807306 -0.0157543    0.99939  0.0311643   -0.20233  0.0139249 -0.0309458   0.999424   0.922764          0          0          0          1
5.176    0.99968  0.0187496 -0.0169705   0.811096 -0.0180064   0.998915  0.0429375  -0.202678  0.0177572 -0.0426182   0.998934   0.921832          0          0          0          1
5.194   0.999569  0.0211059  -0.020385   0.815626 -0.0200009   0.998396  0.0529678  -0.203079  0.0214702 -0.0525372   0.998388   0.921938          0          0          0          1
5.279   0.999122  0.0262815 -0.0326238   0.846712 -0.0241378   0.997629  0.0644485  -0.205682  0.0342403 -0.0636045   0.997388   0.933278          0          0          0          1
5.291   0.999086  0.0261177  -0.033838   0.852569 -0.0240063   0.997826  0.0613689  -0.206183  0.0353672 -0.0605005   0.997541   0.936172          0          0          0          1
5.309   0.999048   0.025524 -0.0353698   0.861979 -0.0235578   0.998212   0.054932  -0.207002  0.0367086 -0.0540465   0.997863   0.940833          0          0          0          1
5.323   0.999025  0.0250636 -0.0363325    0.86954 -0.0232572   0.998512  0.0493156  -0.207672  0.0375145 -0.0484225   0.998122   0.944377          0          0          0          1
5.343   0.998998  0.0246041 -0.0373829   0.880556 -0.0230637   0.998889  0.0410929  -0.208661  0.0383524 -0.0401895   0.998456   0.949135          0          0          0          1
5.356   0.998983  0.0244658 -0.0378663   0.887816 -0.0231112   0.999091  0.0358073   -0.20932   0.038708 -0.0348957   0.998641   0.952002          0          0          0          1
5.37    0.99897   0.024461 -0.0382186   0.895692 -0.0233104    0.99927  0.0302651  -0.210041   0.038931 -0.0293431   0.998811   0.954876          0          0          0          1
5.386   0.998959  0.0246225 -0.0384125   0.904736 -0.0237043   0.999427  0.0241786  -0.210876  0.0389858 -0.0232429   0.998969   0.957883          0          0          0          1
5.484    0.999002   0.0284355  -0.0344327    0.960702  -0.0286763    0.999567 -0.00651823   -0.216142   0.0342324  0.00749913    0.999386    0.969901           0           0           0           1
5.5   0.999026  0.0293264 -0.0329632   0.969409 -0.0296768   0.999508 -0.0101903  -0.216978  0.0326481  0.0111586   0.999405   0.970811          0          0          0          1
5.514   0.999052  0.0302359  -0.031304   0.978103 -0.0306729   0.999437 -0.0135748  -0.217811  0.0308759  0.0145221   0.999418   0.971495          0          0          0          1
5.527   0.999076  0.0309967 -0.0297695   0.985524 -0.0314908   0.999372 -0.0162753  -0.218509  0.0292463  0.0171977   0.999424   0.971898          0          0          0          1
5.55   0.999117  0.0321957 -0.0269956   0.997802 -0.0327502   0.999256 -0.0203548  -0.219626  0.0263202   0.021221   0.999428   0.972191          0          0          0          1
5.568   0.999153  0.0331231 -0.0244274    1.00812 -0.0336947   0.999159 -0.0233706   -0.22052  0.0236327  0.0241738   0.999428   0.972072          0          0          0          1
5.582   0.999177  0.0336965 -0.0225921    1.01502 -0.0342624   0.999096 -0.0251458  -0.221089  0.0217244  0.0258992   0.999428   0.971809          0          0          0          1
