0.003            1  6.45254e-07   1.6149e-06        1.807 -6.45254e-07            1  1.80879e-08 -1.16598e-06  -1.6149e-06 -1.80889e-08            1      1.96997            0            0            0            1
0.021            1  3.65115e-07  5.83753e-05      1.80713 -3.65102e-07            1 -2.33797e-07  -6.5941e-07 -5.83753e-05  2.33776e-07            1       1.9686            0            0            0            1
0.042     0.999978   0.00541397   0.00388251      1.80642  -0.00541491     0.999985  0.000230724  -0.00982441   -0.0038812 -0.000251742     0.999992      1.96352            0            0            0            1
0.063    0.999547   0.0259687   0.0152116     1.80231  -0.0260139    0.999658  0.00278519   -0.043987  -0.0151341 -0.00317964     0.99988     1.95753           0           0           0           1
0.083   0.997976  0.0582028   0.025614    1.79462 -0.0584538   0.998248  0.0091648  -0.091521 -0.0250357 -0.0106435    0.99963    1.95343          0          0          0          1
0.114   0.993903   0.107559  0.0242301    1.77665  -0.108276   0.993653  0.0304895  -0.168109 -0.0207969 -0.0329272   0.999241    1.95345          0          0          0          1
0.135   0.991973   0.125225  0.0175581    1.76219  -0.125992   0.990612  0.0530424  -0.209206 -0.0107511 -0.0548288   0.998438    1.95722          0          0          0          1
0.151     0.99161    0.128407   0.0148433     1.75134   -0.129155    0.988906    0.073371   -0.229825 -0.00525735  -0.0746725    0.997194     1.96118           0           0           0           1
0.173    0.992244    0.123346   0.0153978     1.73872   -0.124277    0.986964    0.102262    -0.24152 -0.00258345   -0.103382    0.994638     1.96683           0           0           0           1
0.187    0.993125    0.115828   0.0169491     1.73157   -0.117033    0.985596    0.122082   -0.241123 -0.00256452   -0.123226    0.992375     1.97043           0           0           0           1
0.203   0.994455   0.103442  0.0189545    1.72397  -0.105104   0.983711    0.14583  -0.235306 -0.0035608  -0.147013   0.989128    1.97404          0          0          0          1
0.215     0.99535   0.0942072   0.0201024     1.71947  -0.0962174    0.982317    0.160612   -0.230163 -0.00461607   -0.161799    0.986813     1.97569           0           0           0           1
0.23    0.996591   0.0797156   0.0212751     1.71326  -0.0822546    0.980061     0.18087   -0.222475 -0.00643274   -0.182003    0.983277     1.97707           0           0           0           1
0.248    0.997786   0.0628981    0.021595     1.70648  -0.0659651    0.977276    0.201445   -0.215004 -0.00843378   -0.202423    0.979262     1.97733           0           0           0           1
0.266    0.998534    0.049945   0.0208516     1.70127  -0.0532715    0.975027    0.215601   -0.210352 -0.00956265   -0.216396    0.976259     1.97677           0           0           0           1
0.279   0.999215  0.0349373  0.0186902    1.69496 -0.0383078    0.97233   0.230449  -0.206103 -0.0101217  -0.230984   0.972905    1.97547          0          0          0          1
0.298    0.999694   0.0197722   0.0148579     1.68783  -0.0228007    0.969531    0.243907   -0.202858 -0.00958262   -0.244171    0.969685     1.97364           0           0           0           1
0.331     0.99998  -0.0012876  0.00615669     1.67511 -0.00035458    0.965726    0.259562   -0.199888 -0.00627989   -0.259559    0.965707     1.97039           0           0           0           1
0.343    0.999971  -0.0070953  0.00290554     1.67042  0.00608161    0.964789    0.262956   -0.199361 -0.00466898   -0.262931    0.964803     1.96935           0           0           0           1
0.372      0.99985   -0.0169363  -0.00369224      1.65907    0.0173075     0.963624     0.266701    -0.198275 -0.000958987    -0.266724     0.963772      1.96778            0            0            0            1
0.406     0.99974  -0.0214776 -0.00764027      1.6457   0.0227333    0.964192    0.264229   -0.196752  0.00169168   -0.264334     0.96443     1.96781           0           0           0           1
0.458    0.999848  -0.0163952 -0.00588371     1.62489   0.0173444     0.96827    0.249304   -0.194547  0.00160962   -0.249369    0.968407     1.97088           0           0           0           1
0.492    0.999975 -0.00689196 -0.00169804     1.61088  0.00709795    0.972244    0.233861     -0.1941 3.91485e-05   -0.233868    0.972268     1.97387           0           0           0           1
0.513            1 -0.000186455   0.00077665      1.60211  8.86411e-06     0.974901     0.222637    -0.194744 -0.000798669    -0.222637     0.974901      1.97534            0            0            0            1
0.536    0.999977  0.00613564  0.00274858     1.59259 -0.00657484    0.977858    0.209166   -0.196463 -0.00140436   -0.209179    0.977876     1.97582           0           0           0           1
0.56    0.999936   0.0106058  0.00382292      1.5833  -0.0111468    0.980838    0.194508   -0.198817 -0.00168676   -0.194538    0.980894     1.97504           0           0           0           1
0.581    0.999907   0.0130205   0.0040883     1.57503  -0.0135439    0.983565    0.180048    -0.20097 -0.00167679   -0.180087    0.983649     1.97354           0           0           0           1
0.601    0.999894   0.0140403   0.0037324     1.56692  -0.0144632    0.986253    0.164609    -0.20254 -0.00136994   -0.164645    0.986352      1.9718           0           0           0           1
0.624       0.9999    0.0138476   0.00276372      1.55809   -0.0141032     0.989079     0.146707    -0.203255 -0.000702007    -0.146731     0.989176      1.97014            0            0            0            1
0.641     0.999914    0.0130118   0.00179485      1.55155   -0.0131349     0.991037     0.132943    -0.203119 -4.89311e-05    -0.132955     0.991122      1.96929            0            0            0            1
0.66    0.999933    0.011566 0.000627932     1.54419  -0.0115599    0.993041    0.117204   -0.202514 0.000732019   -0.117204    0.993108     1.96878           0           0           0           1
0.682     0.999955   0.00943807 -0.000611603      1.53556  -0.00933153     0.995067    0.0987608    -0.201575    0.0015407   -0.0987506     0.995111       1.9687            0            0            0            1
0.699     0.99997  0.00757883 -0.00138164     1.52881 -0.00743498    0.996396   0.0845021   -0.200849  0.00201709  -0.0844893    0.996422     1.96893           0           0           0           1
0.713     0.99998  0.00611452 -0.00181397     1.52361 -0.00596423    0.997263   0.0736918   -0.200374   0.0022596  -0.0736795    0.997279     1.96919           0           0           0           1
0.725    0.999987   0.0046815 -0.00209793     1.51839 -0.00453996    0.998001   0.0630365   -0.199994  0.00238885  -0.0630262    0.998009     1.96946           0           0           0           1
0.743    0.999993  0.00293207 -0.00225889     1.51154 -0.00281686    0.998774   0.0494209   -0.199636  0.00240103  -0.0494142    0.998775     1.96978           0           0           0           1
0.762    0.999997  0.00111761 -0.00218217     1.50347 -0.00104287    0.999423   0.0339542    -0.19937  0.00221885  -0.0339518    0.999421     1.97005           0           0           0           1
0.779     0.999998 -0.000183772  -0.00193518       1.4966  0.000225026     0.999772    0.0213396    -0.199238   0.00193081     -0.02134      0.99977      1.97019            0            0            0            1
0.798    0.999998 -0.00134345 -0.00153913     1.48894  0.00135559    0.999968  0.00791451   -0.199138  0.00152845 -0.00791658    0.999967     1.97026           0           0           0           1
0.815    0.999997 -0.00211356 -0.00113996     1.48211  0.00210964    0.999992 -0.00343623   -0.199064  0.00114722  0.00343381    0.999993     1.97025           0           0           0           1
0.832     0.999996  -0.00264551 -0.000748627      1.47531   0.00263467     0.999897   -0.0141217    -0.198994  0.000785909    0.0141197       0.9999      1.97019            0            0            0            1
0.849     0.999996  -0.00296553 -0.000400882      1.46852   0.00295501     0.999705   -0.0241004    -0.198934  0.000472234    0.0240991     0.999709      1.97012            0            0            0            1
0.866     0.999995  -0.00310048 -0.000130887      1.46215   0.00309452     0.999456   -0.0328257    -0.198892  0.000232591    0.0328251     0.999461      1.97005            0            0            0            1
0.878    0.999995 -0.00311114 4.28911e-05     1.45698  0.00311041    0.999218  -0.0394248   -0.198874 7.97983e-05   0.0394247    0.999223     1.96999           0           0           0           1
0.893     0.999995  -0.00303511  0.000191351        1.451   0.00304073     0.998915   -0.0464793    -0.198873 -5.00738e-05    0.0464797     0.998919      1.96993            0            0            0            1
0.909     0.999996   -0.0028729  0.000292502      1.44462   0.00288441     0.998573    -0.053333    -0.198896 -0.000138864    0.0533336     0.998577      1.96988            0            0            0            1
0.924     0.999996   -0.0026625  0.000337871      1.43863   0.00267782     0.998247   -0.0591274    -0.198934 -0.000179852    0.0591281      0.99825      1.96985            0            0            0            1
0.944     0.999997  -0.00232284  0.000336342      1.43065   0.00233995     0.997823   -0.0659006    -0.199002 -0.000182533    0.0659012     0.997826      1.96982            0            0            0            1
0.96     0.999998  -0.00198349   0.00028709      1.42346   0.00199888     0.997469   -0.0710702    -0.199072 -0.000145396    0.0710706     0.997471      1.96981            0            0            0            1
0.98     0.999999  -0.00163434   0.00020459      1.41627   0.00164512     0.997154   -0.0753704    -0.199142 -8.08264e-05    0.0753707     0.997156      1.96981            0            0            0            1
1.005    0.999999 -0.00116695 6.33768e-05     1.40633  0.00116828      0.9968  -0.0799214   -0.199229   3.009e-05   0.0799214    0.996801     1.96982           0           0           0           1
1.025            1 -0.000829505  -5.4992e-05      1.39841  0.000822153     0.996599   -0.0823992    -0.199285  0.000123155    0.0823991     0.996599      1.96983            0            0            0            1
1.037            1 -0.000650181 -0.000123746      1.39364  0.000637595     0.996516   -0.0834026    -0.199312  0.000177541    0.0834025     0.996516      1.96984            0            0            0            1
1.053            1 -0.000453398 -0.000202393      1.38767  0.000434755     0.996452   -0.0841644    -0.199342  0.000239835    0.0841643     0.996452      1.96985            0            0            0            1
1.069            1 -0.000267162 -0.000277098      1.38087  0.000242825     0.996433   -0.0843894    -0.199373  0.000298655    0.0843894     0.996433      1.96987            0            0            0            1
1.081            1 -0.000160128 -0.000320094      1.37606  0.000132623     0.996453   -0.0841522    -0.199391  0.000332434    0.0841522     0.996453      1.96988            0            0            0            1
1.099            1 -4.06581e-05 -0.000364972      1.36923  1.01221e-05     0.996526   -0.0832796    -0.199412   0.00036709    0.0832796     0.996526       1.9699            0            0            0            1
1.116            1   4.6877e-05 -0.000393243      1.36199  -7.8848e-05     0.996657   -0.0816995    -0.199424  0.000388098    0.0816996     0.996657      1.96992            0            0            0            1
1.134            1  9.72801e-05  -0.00040076      1.35473 -0.000128825     0.996836   -0.0794817    -0.199426   0.00039176    0.0794817     0.996836      1.96993            0            0            0            1
1.154            1  0.000114278 -0.000387756      1.34667 -0.000143537     0.997084   -0.0763178    -0.199418  0.000377903    0.0763178     0.997083      1.96994            0            0            0            1
1.169            1  0.000103908 -0.000362503      1.34062 -0.000130269     0.997296   -0.0734935    -0.199404  0.000353886    0.0734936     0.997296      1.96994            0            0            0            1
1.183            1    8.396e-05  -0.00033303       1.3354 -0.000107315     0.997493   -0.0707612    -0.199388  0.000326254    0.0707612     0.997493      1.96994            0            0            0            1
1.2            1  4.80741e-05 -0.000283067      1.32819 -6.68159e-05     0.997781   -0.0665867    -0.199366  0.000279238    0.0665867     0.997781      1.96993            0            0            0            1
1.216            1  9.14004e-06 -0.000233569      1.32179 -2.37261e-05     0.998043   -0.0625253    -0.199347   0.00023254    0.0625253     0.998043      1.96992            0            0            0            1
1.232            1 -3.48235e-05 -0.000179044      1.31539  2.43502e-05     0.998307   -0.0581661     -0.19933  0.000180766    0.0581661     0.998307      1.96991            0            0            0            1
1.244            1 -6.58191e-05 -0.000140837      1.31099   5.7971e-05     0.998485    -0.055017    -0.199319  0.000144244     0.055017     0.998485       1.9699            0            0            0            1
1.258            1 -0.000105439 -9.04689e-05        1.305   0.00010073     0.998721   -0.0505535    -0.199306  9.56835e-05    0.0505535     0.998721      1.96989            0            0            0            1
1.275            1 -0.000143847 -4.14769e-05      1.29861  0.000141806     0.998959   -0.0456059    -0.199293   4.7994e-05    0.0456059      0.99896      1.96988            0            0            0            1
1.284            1 -0.000166549 -1.40486e-05      1.29462  0.000165803       0.9991   -0.0424275    -0.199285  2.11022e-05    0.0424275       0.9991      1.96987            0            0            0            1
1.297            1 -0.000192846  1.72681e-05      1.28941  0.000193365     0.999269   -0.0382183    -0.199275 -9.88523e-06    0.0382183     0.999269      1.96987            0            0            0            1
1.312            1 -0.000217173  4.91614e-05      1.28341  0.000218688     0.999446   -0.0332765    -0.199266 -4.19074e-05    0.0332766     0.999446      1.96986            0            0            0            1
1.339            1 -0.000252048  9.56845e-05      1.27222  0.000254259     0.999715   -0.0238642    -0.199246 -8.96424e-05    0.0238642     0.999715      1.96986            0            0            0            1
1.368            1 -0.000285151  0.000130863      1.26102  0.000286993     0.999898   -0.0143008    -0.199216 -0.000126771    0.0143008     0.999898      1.96985            0            0            0            1
1.383            1 -0.000306957  0.000146696      1.25501  0.000308287     0.999958  -0.00915107    -0.199192 -0.000143881   0.00915112     0.999958      1.96984            0            0            0            1
1.409            1 -0.000340495  0.000169808      1.24462  0.000340547            1 -0.000310315    -0.199152 -0.000169702  0.000310373            1      1.96982            0            0            0            1
1.428            1 -0.000357477  0.000185066      1.23703  0.000356358     0.999982   0.00601283     -0.19913 -0.000187212  -0.00601277     0.999982      1.96981            0            0            0            1
1.44            1 -0.000365275  0.000192886      1.23223  0.000363343     0.999951    0.0099257    -0.199121 -0.000196502  -0.00992563     0.999951       1.9698            0            0            0            1
1.459            1 -0.000368134  0.000201604      1.22464  0.000364873     0.999873    0.0159434    -0.199113 -0.000207448   -0.0159433     0.999873      1.96979            0            0            0            1
1.472            1 -0.000364389   0.00020411      1.21985  0.000360315     0.999807    0.0196186    -0.199112 -0.000211219   -0.0196185     0.999808      1.96979            0            0            0            1
1.489            1 -0.000352057  0.000205652      1.21267   0.00034682     0.999689    0.0249314    -0.199115 -0.000214365   -0.0249313     0.999689       1.9698            0            0            0            1
1.502            1 -0.000339329  0.000203863      1.20747  0.000333359     0.999591     0.028604    -0.199118 -0.000213486    -0.028604     0.999591       1.9698            0            0            0            1
1.518            1 -0.000320473  0.000197415      1.20107  0.000313801     0.999458    0.0329206    -0.199122 -0.000207858   -0.0329206     0.999458      1.96981            0            0            0            1
1.532            1 -0.000301349  0.000189428      1.19547  0.000294234     0.999334    0.0365014    -0.199124 -0.000200302   -0.0365013     0.999334      1.96982            0            0            0            1
1.548            1 -0.000279284   0.00017815      1.18948  0.000271911     0.999195    0.0401245    -0.199124 -0.000189213   -0.0401244     0.999195      1.96982            0            0            0            1
1.565            1 -0.000252034  0.000163118      1.18229  0.000244583     0.999024    0.0441679    -0.199122  -0.00017409   -0.0441679     0.999024      1.96983            0            0            0            1
1.582            1 -0.000228788  0.000146636      1.17549  0.000221537     0.998863    0.0476733    -0.199117 -0.000157377   -0.0476733     0.998863      1.96984            0            0            0            1
1.597            1 -0.000211094  0.000130748      1.16949  0.000204221     0.998724     0.050506    -0.199112 -0.000141242    -0.050506     0.998724      1.96984            0            0            0            1
1.616            1 -0.000191408  0.000111038      1.16188  0.000185165     0.998555    0.0537349    -0.199105 -0.000121163   -0.0537349     0.998555      1.96985            0            0            0            1
1.629            1 -0.000180196  9.70843e-05      1.15668  0.000174508     0.998447    0.0557098    -0.199099 -0.000106972   -0.0557098     0.998447      1.96985            0            0            0            1
1.651            1 -0.000165401  7.45757e-05      1.14829  0.000160755     0.998288    0.0584941    -0.199088  -8.4123e-05   -0.0584941     0.998288      1.96986            0            0            0            1
1.667            1 -0.000158102  5.63885e-05      1.14149  0.000154409     0.998175    0.0603808    -0.199078  -6.5832e-05   -0.0603808     0.998175      1.96986            0            0            0            1
1.685            1  -0.00015539  3.75047e-05      1.13429  0.000152765     0.998075     0.062022    -0.199066 -4.70701e-05    -0.062022     0.998075      1.96987            0            0            0            1
1.696            1 -0.000156135  2.64335e-05      1.12988  0.000154165     0.998023    0.0628457     -0.19906 -3.61936e-05   -0.0628456     0.998023      1.96987            0            0            0            1
1.713            1 -0.000158318  1.00838e-05      1.12306  0.000157351     0.997959    0.0638555     -0.19905 -2.01727e-05   -0.0638555     0.997959      1.96987            0            0            0            1
1.734            1 -0.000162236 -9.30038e-06      1.11466  0.000162498     0.997907      0.06467    -0.199037 -1.21088e-06     -0.06467     0.997907      1.96988            0            0            0            1
1.74            1 -0.000164242 -1.47801e-05      1.11226  0.000164855     0.997897    0.0648161    -0.199032  4.10351e-06   -0.0648161     0.997897      1.96988            0            0            0            1
1.755            1 -0.000168423 -2.73314e-05      1.10627  0.000169844     0.997884    0.0650198    -0.199021  1.63227e-05   -0.0650198     0.997884      1.96989            0            0            0            1
1.775            1 -0.000172328 -4.20489e-05       1.0983  0.000174695     0.997889    0.0649412     -0.19901  3.07689e-05   -0.0649412     0.997889      1.96989            0            0            0            1
1.795            1 -0.000177536 -5.41994e-05      1.09072  0.000180662     0.997917    0.0645067    -0.198999  4.26342e-05   -0.0645067     0.997917      1.96989            0            0            0            1
1.81            1 -0.000184316 -6.36928e-05      1.08433  0.000188008     0.997958    0.0638804    -0.198988  5.17886e-05   -0.0638805     0.997958      1.96989            0            0            0            1
1.828            1  -0.00019389 -7.51178e-05      1.07713  0.000198231     0.998019    0.0629092    -0.198975  6.27716e-05   -0.0629092     0.998019      1.96989            0            0            0            1
1.842            1 -0.000202468 -8.40928e-05      1.07152   0.00020729     0.998078    0.0619687    -0.198966  7.13844e-05   -0.0619687     0.998078      1.96989            0            0            0            1
1.855            1 -0.000210177  -9.3256e-05      1.06631  0.000215471      0.99814    0.0609603    -0.198957  8.02701e-05   -0.0609603      0.99814      1.96989            0            0            0            1
1.871            1 -0.000217772 -0.000104291       1.0603  0.000223605      0.99822    0.0596466    -0.198946  9.11157e-05   -0.0596466      0.99822      1.96989            0            0            0            1
1.886            1 -0.000224814 -0.000116673      1.05391  0.000231211     0.998312    0.0580783    -0.198934  0.000103419   -0.0580783     0.998312      1.96989            0            0            0            1
1.908            1 -0.000234025 -0.000133788       1.0451   0.00024111      0.99845    0.0556631    -0.198918  0.000120554   -0.0556631      0.99845       1.9699            0            0            0            1
1.926            1  -0.00024342 -0.000148332      1.03788  0.000251005     0.998569     0.053481    -0.198903  0.000135102    -0.053481     0.998569       1.9699            0            0            0            1
1.943            1 -0.000253747 -0.000163465      1.03066  0.000261773     0.998692    0.0511352    -0.198885  0.000150276   -0.0511352     0.998692      1.96991            0            0            0            1
1.958            1 -0.000261629 -0.000174794      1.02506  0.000269915     0.998788    0.0492127     -0.19887  0.000161706   -0.0492128     0.998788      1.96991            0            0            0            1
1.976            1 -0.000270473 -0.000188663      1.01787  0.000278977     0.998912    0.0466337     -0.19885  0.000175845   -0.0466337     0.998912      1.96991            0            0            0            1
1.998            1 -0.000279134 -0.000203991      1.00912  0.000287714      0.99906    0.0433453    -0.198827  0.000191701   -0.0433453      0.99906      1.96991            0            0            0            1
2.014            1 -0.000286034 -0.000213237      1.00276   0.00029451     0.999164     0.040871    -0.198811  0.000201369   -0.0408711     0.999164      1.96991            0            0            0            1
2.031            1 -0.000292676 -0.000220989     0.995986  0.000300902     0.999271    0.0381885    -0.198798  0.000209651   -0.0381885     0.999271      1.96991            0            0            0            1
2.048            1 -0.000298363 -0.000227739     0.989204  0.000306253     0.999371    0.0354699    -0.198788  0.000217013     -0.03547     0.999371      1.96991            0            0            0            1
2.067            1  -0.00030361 -0.000235621     0.981611  0.000311087     0.999475    0.0324089    -0.198778  0.000225658    -0.032409     0.999475      1.96991            0            0            0            1
2.084            1 -0.000307707 -0.000243772     0.975209  0.000314841     0.999555    0.0298267    -0.198769  0.000234486   -0.0298268     0.999555      1.96991            0            0            0            1
2.103            1 -0.000312346 -0.000256334     0.967201  0.000319058     0.999646    0.0266149    -0.198756   0.00024793    -0.026615     0.999646      1.96992            0            0            0            1
2.123            1 -0.000317305 -0.000271509     0.959173  0.000323582     0.999725    0.0234399    -0.198739  0.000263997     -0.02344     0.999725      1.96993            0            0            0            1
2.138            1 -0.000321467 -0.000284479     0.953135  0.000327397     0.999777    0.0210944    -0.198725  0.000277635   -0.0210945     0.999777      1.96994            0            0            0            1
2.163            1 -0.000326199 -0.000307425     0.943089  0.000331465     0.999851     0.017286    -0.198697   0.00030174   -0.0172861     0.999851      1.96995            0            0            0            1
2.193            1 -0.000330483   -0.0003362     0.931068  0.000334796     0.999917    0.0129108    -0.198656  0.000331905    -0.012911     0.999917      1.96996            0            0            0            1
2.211            1 -0.000334593 -0.000352477     0.924265  0.000338288     0.999944    0.0105348    -0.198626  0.000348933   -0.0105349     0.999944      1.96996            0            0            0            1
2.225            1 -0.000337839 -0.000365098     0.918267  0.000340936     0.999964   0.00851438    -0.198601  0.000362208  -0.00851451     0.999964      1.96997            0            0            0            1
2.247            1 -0.000337739  -0.00037521     0.909866   0.00033992     0.999983    0.0058268    -0.198578  0.000373236  -0.00582693     0.999983      1.96997            0            0            0            1
2.264            1 -0.000333619 -0.000377741     0.902651  0.000334999     0.999993   0.00365998     -0.19857  0.000376517  -0.00366011     0.999993      1.96997            0            0            0            1
2.283            1 -0.000326583 -0.000377897      0.89503  0.000327156     0.999999   0.00151686    -0.198566  0.000377401  -0.00151698     0.999999      1.96997            0            0            0            1
2.299            1 -0.000319557 -0.000378416     0.888611  0.000319494            1  -0.00016682    -0.198563  0.000378469  0.000166699            1      1.96997            0            0            0            1
2.317            1 -0.000311768 -0.000381724     0.881408  0.000311033     0.999998  -0.00192437    -0.198554  0.000382323   0.00192425     0.999998      1.96998            0            0            0            1
2.332            1  -0.00030563 -0.000386876     0.875422  0.000304361     0.999995  -0.00327562    -0.198543  0.000387875    0.0032755     0.999995      1.96998            0            0            0            1
2.349            1 -0.000299572 -0.000394054     0.869048  0.000297755     0.999989   -0.0046028    -0.198528  0.000395429   0.00460268     0.999989      1.96998            0            0            0            1
2.36            1 -0.000294829 -0.000399089     0.864273  0.000292622     0.999985  -0.00551987    -0.198516   0.00040071   0.00551975     0.999985      1.96999            0            0            0            1
2.383            1 -0.000283985 -0.000405167     0.855106  0.000281106     0.999975  -0.00708813    -0.198501   0.00040717   0.00708801     0.999975      1.96999            0            0            0            1
2.404            1 -0.000273352 -0.000409412     0.846708  0.000269943     0.999965  -0.00830543     -0.19849  0.000411668   0.00830532     0.999965      1.96999            0            0            0            1
2.41            1 -0.000270039 -0.000411417     0.843907  0.000266463     0.999962  -0.00866641    -0.198486  0.000413742    0.0086663     0.999962      1.96999            0            0            0            1
2.418            1 -0.000267695 -0.000413027     0.841906  0.000264004      0.99996  -0.00891051    -0.198482  0.000415396    0.0089104      0.99996         1.97            0            0            0            1
2.43            1 -0.000260517  -0.00041716     0.836319  0.000256528     0.999955   -0.0095334    -0.198472  0.000419624   0.00953329     0.999954         1.97            0            0            0            1
2.447            1 -0.000250922 -0.000421089     0.829535  0.000246626     0.999948   -0.0101722    -0.198463   0.00042362    0.0101721     0.999948         1.97            0            0            0            1
2.468            1 -0.000239377 -0.000425265     0.821524  0.000234786     0.999942   -0.0107633    -0.198453  0.000427817    0.0107632     0.999942      1.97001            0            0            0            1
2.483            1 -0.000231254 -0.000431496     0.815115  0.000226444     0.999938   -0.0111153     -0.19844  0.000434039    0.0111152     0.999938      1.97001            0            0            0            1
2.495            1 -0.000225977 -0.000437963     0.810309  0.000221009     0.999936   -0.0113112    -0.198427  0.000440491    0.0113111     0.999936      1.97001            0            0            0            1
2.517            1 -0.000216423 -0.000450451     0.801503  0.000211217     0.999934   -0.0115257      -0.1984  0.000452916    0.0115256     0.999933      1.97002            0            0            0            1
2.534            1 -0.000210191 -0.000461503      0.79511  0.000204838     0.999933    -0.011569    -0.198377  0.000463904    0.0115689     0.999933      1.97002            0            0            0            1
2.551            1    -0.000199 -0.000545456     0.789661    0.0001927     0.999934   -0.0115265    -0.198249  0.000547713    0.0115264     0.999933      1.96878            0            0            0            1
2.566            1 -0.000189292 -0.000734903     0.787218  0.000180873     0.999935   -0.0114388    -0.197964   0.00073702    0.0114387     0.999934       1.9651            0            0            0            1
2.583            1 -0.000160027 -0.000946291     0.787388  0.000149283     0.999936   -0.0113432    -0.197601  0.000948045     0.011343     0.999935      1.95851            0            0            0            1
2.597     0.999999 -8.81829e-05  -0.00101305     0.789124  7.67337e-05     0.999936   -0.0112962    -0.197394   0.00101398    0.0112961     0.999936      1.95144            0            0            0            1
2.603            1 -3.96068e-05 -0.000991337     0.790149  2.84118e-05     0.999936   -0.0112902    -0.197359  0.000991721    0.0112902     0.999936      1.94809            0            0            0            1
2.62            1  0.000129488 -0.000746906     0.793238 -0.000137945     0.999936   -0.0113327    -0.197486   0.00074539    0.0113328     0.999936      1.93827            0            0            0            1
2.636            1   0.00030269 -0.000329321      0.79598 -0.000306441     0.999934   -0.0114496    -0.197854  0.000325834    0.0114497     0.999934      1.92941            0            0            0            1
2.651            1  0.000482844  0.000259601     0.798756 -0.000479784     0.999932   -0.0116624    -0.198423 -0.000265214    0.0116623     0.999932      1.91995            0            0            0            1
2.669     0.999999  0.000633268  0.000986854     0.801518 -0.000621371     0.999928   -0.0120095    -0.199135 -0.000994388    0.0120088     0.999927      1.90952            0            0            0            1
2.689     0.999998  0.000687883   0.00174604     0.804001 -0.000665972     0.999921   -0.0125186    -0.199855  -0.00175451    0.0125174      0.99992      1.89847            0            0            0            1
2.713    0.999997  0.00056918  0.00244038    0.806097 -0.00053674    0.999912   -0.013273   -0.200455 -0.00244772   0.0132716    0.999909     1.88616           0           0           0           1
2.743     0.999996  0.000182995   0.00284153     0.807396 -0.000142237     0.999897   -0.0143374    -0.200711  -0.00284386    0.0143369     0.999893      1.87278            0            0            0            1
2.751    0.999996 2.27395e-05   0.0028613    0.807555 1.92979e-05    0.999892  -0.0146909   -0.200688 -0.00286132   0.0146909    0.999888     1.86894           0           0           0           1
2.772     0.999996 -0.000334311   0.00280036     0.807665  0.000377661      0.99988   -0.0154938    -0.200543  -0.00279485    0.0154948     0.999876      1.86075            0            0            0            1
2.791     0.999996 -0.000632915   0.00267168       0.8076  0.000676396     0.999867   -0.0163053    -0.200352    -0.002661     0.016307     0.999863      1.85282            0            0            0            1
2.806     0.999996 -0.000798604   0.00255372     0.807491  0.000841683     0.999857   -0.0169127    -0.200209  -0.00253985    0.0169148     0.999854      1.84697            0            0            0            1
2.821     0.999997 -0.000907795   0.00244224     0.807375   0.00095043     0.999846   -0.0175133     -0.20009  -0.00242596    0.0175156     0.999844      1.84114            0            0            0            1
2.842     0.999997 -0.000969036   0.00232105      0.80725   0.00101135     0.999832   -0.0182982    -0.199983  -0.00230292    0.0183005      0.99983      1.83335            0            0            0            1
2.853     0.999997 -0.000961853   0.00226373     0.807197   0.00100415     0.999824   -0.0187592    -0.199947  -0.00224528    0.0187614     0.999821      1.82866            0            0            0            1
2.868     0.999997 -0.000918067   0.00220616     0.807153  0.000960528     0.999813   -0.0193231    -0.199924    -0.002188    0.0193252     0.999811      1.82277            0            0            0            1
2.887     0.999997 -0.000823518   0.00215025     0.807129  0.000866394     0.999799   -0.0200158    -0.199922  -0.00213333    0.0200176     0.999797      1.81525            0            0            0            1
2.9     0.999997 -0.000737069   0.00211947      0.80713  0.000780314      0.99979   -0.0204758    -0.199934  -0.00210393    0.0204774     0.999788      1.81008            0            0            0            1
2.92     0.999998 -0.000597643   0.00208045     0.807146  0.000641462     0.999777   -0.0211257     -0.19996  -0.00206736     0.021127     0.999775       1.8025            0            0            0            1
2.939    0.999998  -0.0004441  0.00204211    0.807173 0.000488473    0.999763  -0.0217801   -0.199993 -0.00203195   0.0217811    0.999761     1.79451           0           0           0           1
2.958     0.999998 -0.000297706   0.00200433       0.8072  0.000342476      0.99975   -0.0223735    -0.200025  -0.00199717    0.0223741     0.999748      1.78689            0            0            0            1
2.975     0.999998 -0.000181972   0.00197223     0.807221  0.000226992     0.999739   -0.0228509    -0.200051  -0.00196756    0.0228513     0.999737      1.78046            0            0            0            1
2.988     0.999998 -9.10194e-05    0.0019445     0.807236  0.000136207      0.99973   -0.0232514     -0.20007  -0.00194186    0.0232517     0.999728      1.77484            0            0            0            1
3.005    0.999998 2.68131e-06  0.00191264    0.807249  4.2679e-05    0.999719  -0.0237156   -0.200091 -0.00191217   0.0237156    0.999717     1.76802           0           0           0           1
3.022     0.999998  7.86374e-05   0.00188289     0.807257 -3.31323e-05     0.999708   -0.0241556    -0.200107  -0.00188424    0.0241555     0.999706      1.76119            0            0            0            1
3.036     0.999998  0.000128695   0.00185981     0.807261 -8.30913e-05       0.9997   -0.0244997    -0.200117   -0.0018624    0.0244995     0.999698      1.75558            0            0            0            1
3.044     0.999998  0.000149651   0.00184886     0.807262 -0.000104002     0.999696   -0.0246655    -0.200121  -0.00185199    0.0246653     0.999694      1.75278            0            0            0            1
3.062     0.999998   0.00019133    0.0018237     0.807263 -0.000145506     0.999685   -0.0250942    -0.200129  -0.00182792    0.0250939     0.999683      1.74518            0            0            0            1
3.083     0.999998  0.000218986   0.00180181     0.807262 -0.000172911     0.999674   -0.0255324    -0.200133  -0.00180681     0.025532     0.999672      1.73679            0            0            0            1
3.102     0.999998  0.000236118   0.00178474     0.807258 -0.000189818     0.999665   -0.0258982    -0.200134  -0.00179025    0.0258978     0.999663      1.72918            0            0            0            1
3.12     0.999998  0.000245745    0.0017715     0.807254 -0.000199215     0.999656   -0.0262181    -0.200133  -0.00177734    0.0262177     0.999655      1.72197            0            0            0            1
3.139     0.999998  0.000252846     0.001759     0.807249 -0.000206094     0.999648   -0.0265283    -0.200132  -0.00176509    0.0265279     0.999647      1.71438            0            0            0            1
3.158     0.999998  0.000261613    0.0017465     0.807244 -0.000214694      0.99964   -0.0268113     -0.20013  -0.00175289    0.0268108     0.999639       1.7068            0            0            0            1
3.176     0.999998  0.000270618   0.00173576     0.807239 -0.000223559     0.999634   -0.0270547    -0.200129  -0.00174245    0.0270543     0.999632      1.69962            0            0            0            1
3.195     0.999998  0.000279737   0.00172667     0.807234 -0.000232518     0.999628   -0.0272866    -0.200129  -0.00173366    0.0272861     0.999626      1.69204            0            0            0            1
3.225     0.999998  0.000297869   0.00171459     0.807228 -0.000250427     0.999619   -0.0276038    -0.200129  -0.00172216    0.0276033     0.999617      1.68006            0            0            0            1
3.243     0.999998  0.000319389   0.00170494     0.807223 -0.000271924     0.999614   -0.0277679    -0.200132  -0.00171315    0.0277674     0.999613      1.67287            0            0            0            1
3.262     0.999999  0.000348143   0.00169389     0.807219 -0.000300712      0.99961   -0.0279216    -0.200136  -0.00170295    0.0279211     0.999609      1.66527            0            0            0            1
3.281     0.999999   0.00037619   0.00168408     0.807216 -0.000328792     0.999606   -0.0280568     -0.20014  -0.00169398    0.0280563     0.999605      1.65766            0            0            0            1
3.299     0.999999  0.000398902   0.00167653     0.807213 -0.000351527     0.999603   -0.0281637    -0.200144   -0.0016871    0.0281631     0.999602      1.65086            0            0            0            1
3.325     0.999999    0.0004285   0.00166654     0.807211 -0.000381158     0.999599   -0.0283045    -0.200149    -0.001678    0.0283038     0.999598      1.64046            0            0            0            1
3.337     0.999999  0.000444822    0.0016609      0.80721 -0.000397531     0.999598    -0.028366    -0.200152  -0.00167284    0.0283653     0.999596      1.63525            0            0            0            1
3.352     0.999999  0.000461394   0.00165579     0.807208 -0.000414132     0.999596   -0.0284309    -0.200155  -0.00166824    0.0284301     0.999594      1.62923            0            0            0            1
3.364     0.999999   0.00047049   0.00165354     0.807207 -0.000423215     0.999594    -0.028475    -0.200156  -0.00166627    0.0284742     0.999593      1.62481            0            0            0            1
