0.002            1  6.45254e-07   1.6149e-06        1.807 -6.45254e-07            1  1.80879e-08 -1.16598e-06  -1.6149e-06 -1.80889e-08            1      1.96997            0            0            0            1
0.019            1   4.9567e-07  6.55953e-05      1.80715 -4.95662e-07            1 -1.17878e-07 -8.95522e-07 -6.55953e-05  1.17845e-07            1      1.96843            0            0            0            1
0.048    0.997005  -0.0116662   0.0764531     1.79448   0.0116358    0.999932 0.000843823   0.0307317  -0.0764577 4.82968e-05    0.997073     1.96123           0           0           0           1
0.074   0.953968  0.0272643   0.298666    1.74432 -0.0298134   0.999548 0.00398126   0.112299  -0.298423 -0.0127022   0.954349    1.95492          0          0          0          1
0.093    0.858795    0.156588    0.487802     1.67524   -0.173921     0.98471 -0.00990327    0.183165   -0.481895  -0.0763344    0.872898     1.95709           0           0           0           1
0.111   0.639022   0.378023   0.669888    1.54902   -0.45026   0.889934 -0.0726836    0.27504  -0.623633  -0.255177   0.738896    1.97632          0          0          0          1
0.128  0.290589  0.550254  0.782802   1.37897 -0.721791  0.663127 -0.198191  0.390036 -0.628152 -0.507428  0.589866   2.00934         0         0         0         1
0.178 -0.920972 0.0881432  0.379528  0.860421 -0.388681 -0.275742 -0.879143  0.913237 0.0271614 -0.957182   0.28821   2.09971         0         0         0         1
0.201 -0.868018 -0.417782 -0.268333  0.783871   0.40424 -0.280785 -0.870488   1.23842  0.288331 -0.864071  0.412611   2.07864         0         0         0         1
0.231  0.0988569  -0.721479  -0.685343   0.900511   0.978258   0.196643 -0.0659028    1.51822   0.182315  -0.663928   0.725232    1.96469          0          0          0          1
0.262  0.804092  -0.58366 -0.113035   1.02692  0.468832  0.505635  0.724244   1.49434 -0.365558 -0.635354  0.680215   1.81286         0         0         0         1
0.289   0.75851 -0.448361    0.4729   1.07058 -0.158103  0.577388  0.801016   1.36027 -0.632191 -0.682346  0.367068   1.74588         0         0         0         1
0.305  0.614936 -0.361985  0.700586   1.09629 -0.440998  0.578648  0.686066   1.26712 -0.653738 -0.730844  0.196197   1.73283         0         0         0         1
0.338   0.326676  -0.203997   0.922859     1.1909  -0.770622   0.507824   0.385041    1.04697  -0.547197  -0.836959 0.00868943    1.73236          0          0          0          1
0.358    0.230693   -0.124789    0.964991     1.28116   -0.854745    0.447917    0.262261    0.880988   -0.464963   -0.885324 -0.00333168     1.74054           0           0           0           1
0.386   0.222498 -0.0250392   0.974611    1.42755   -0.89677   0.386939   0.214669   0.611629   -0.38249  -0.921765  0.0636387    1.76445          0          0          0          1
0.417  0.401476  0.113842  0.908767   1.61931 -0.867711  0.364796   0.33764  0.192881 -0.293077 -0.924102  0.245239   1.82485         0         0         0         1
0.438   0.599961   0.198035   0.775132    1.71327  -0.771487   0.399703   0.495021 -0.0711927  -0.211791  -0.894997   0.392587    1.87928          0          0          0          1
0.453  0.736105  0.237291   0.63391   1.75429 -0.661709  0.449368  0.600175 -0.219564 -0.142443 -0.861256    0.4878   1.91742         0         0         0         1
0.487    0.94972   0.211482   0.230884    1.76471  -0.313078   0.632582   0.708394  -0.470513 0.00375977   -0.74506   0.666987    1.98467          0          0          0          1
0.512  0.996746 0.0747277 0.0302195   1.71502 -0.076505   0.75896  0.646627 -0.557666 0.0253856 -0.646835  0.762207   1.99763         0         0         0         1
0.535    0.996505  -0.0700054  -0.0455815     1.65039   0.0835366    0.836789    0.541115   -0.581072 0.000261078   -0.543032    0.839712      1.9888           0           0           0           1
0.542   0.992841  -0.107428 -0.0522074    1.63017    0.11904   0.854114    0.50628  -0.578348 -0.0097976   -0.50887   0.860788    1.98434          0          0          0          1
0.561   0.980929  -0.188224 -0.0484788    1.58345   0.191351    0.89142   0.410799   -0.54976 -0.0341074  -0.412241   0.910436    1.97358          0          0          0          1
0.578   0.971035  -0.237015 -0.0302545    1.55663   0.233769   0.916186   0.325507  -0.499168 -0.0494314  -0.323151   0.945055    1.96793          0          0          0          1
0.622   0.961258  -0.274037  0.0297942    1.54068   0.269512   0.957027   0.107063   -0.29679 -0.0578531 -0.0948855   0.993806    1.96888          0          0          0          1
0.653   0.970677  -0.235501  0.0482259    1.55501   0.237702   0.970224 -0.0465124  -0.118199 -0.0358362  0.0566119   0.997753    1.97907          0          0          0          1
0.667   0.977036  -0.207869  0.0468177    1.56151   0.211969   0.970576  -0.114245 -0.0482778 -0.0216922   0.121545   0.992349    1.98378          0          0          0          1
0.691    0.985622   -0.163798   0.0414713     1.56635    0.168929    0.960402   -0.221565   0.0186573 -0.00353714    0.225385    0.974263     1.98738           0           0           0           1
0.718   0.991186  -0.125913  0.0411818    1.56307    0.13245   0.935718  -0.326938  0.0128579 0.00263122   0.329511   0.944148    1.98472          0          0          0          1
0.756    0.995558  -0.0806237   0.0486144     1.53993   0.0938643    0.889953   -0.446288   -0.108855 -0.00728316    0.448869    0.893568     1.97346           0           0           0           1
0.781   0.997652  -0.046242  0.0505153    1.50514  0.0656782   0.855016  -0.514426  -0.236522 -0.0194033   0.516536   0.856046    1.96298          0          0          0          1
0.801   0.998861 -0.0173696  0.0444464    1.47337  0.0392603   0.828572  -0.558505  -0.322539  -0.027126   0.559613    0.82831    1.95556          0          0          0          1
0.828    0.999571   0.0207938   0.0206457      1.4465 -0.00401567    0.795134    -0.60642   -0.370384  -0.0290259    0.606077    0.794876     1.95045           0           0           0           1
0.848     0.99904    0.043288 -0.00674971     1.44318  -0.0377829    0.773302   -0.632912   -0.352315  -0.0221779    0.632559    0.774195     1.95122           0           0           0           1
0.868    0.997718   0.0560754  -0.0376186     1.44905  -0.0670321    0.755316   -0.651924   -0.299495 -0.00814293    0.652957    0.757351      1.9553           0           0           0           1
0.893   0.996023  0.0576935 -0.0679002    1.45496 -0.0883185   0.740041  -0.666737  -0.226988  0.0117825   0.670082   0.742193    1.96199          0          0          0          1
0.918   0.995638  0.0490905 -0.0793405    1.45381 -0.0898656   0.733169  -0.674083   -0.17916   0.025079   0.678272   0.734383    1.96802          0          0          0          1
0.942   0.996781  0.0378184 -0.0706857    1.44608 -0.0757208   0.733705  -0.675236   -0.16948  0.0263261   0.678415   0.734207    1.97193          0          0          0          1
0.967   0.998433  0.0274298 -0.0487681    1.43282 -0.0530738    0.74026  -0.670222  -0.188131   0.017717   0.671761   0.740556    1.97368          0          0          0          1
0.985   0.999366  0.0206765 -0.0289682    1.42029 -0.0346796    0.74869  -0.662012  -0.210268 0.00800013   0.662598   0.748933     1.9737          0          0          0          1
1.001    0.999811   0.0149176  -0.0124617     1.40851  -0.0194362    0.759078   -0.650709   -0.226965 -0.00024756    0.650828    0.759225     1.97306           0           0           0           1
1.019    0.999958  0.00915576 0.000297006     1.39791 -0.00688244    0.772281   -0.635244   -0.234374 -0.00604551    0.635215    0.772311      1.9721           0           0           0           1
1.034    0.999964   0.0045347  0.00717979      1.3909 0.000891036    0.784788   -0.619764   -0.232463 -0.00844505    0.619748    0.784755     1.97124           0           0           0           1
1.051      0.99993 -0.000390333    0.0118452      1.38438   0.00741465     0.800305    -0.599547    -0.224698  -0.00924574     0.599592     0.800252      1.97035            0            0            0            1
1.088    0.999838 -0.00907757    0.015554     1.37212   0.0161003    0.837526    -0.54616   -0.203374  -0.0080691    0.546322    0.837536     1.96891           0           0           0           1
1.116    0.999803  -0.0133226   0.0147095     1.36274   0.0188611    0.868447   -0.495423    -0.18952 -0.00617409    0.495603    0.868527      1.9683           0           0           0           1
1.143    0.999803    -0.01476   0.0132626     1.35339   0.0191138    0.895896   -0.443853   -0.184429 -0.00533062    0.444019    0.896001     1.96809           0           0           0           1
1.158    0.999814  -0.0145601   0.0126346     1.34739   0.0184724    0.911048   -0.411885   -0.185351 -0.00551366    0.412042    0.911148      1.9681           0           0           0           1
1.172    0.999829   -0.013907   0.0121715      1.3419   0.0175098    0.923523   -0.383143   -0.187688 -0.00591231     0.38329    0.923609     1.96816           0           0           0           1
1.192   0.999864 -0.0122467  0.0110813     1.3329  0.0152534   0.942014  -0.335227  -0.191879 -0.0063333   0.335351   0.942072    1.96833          0          0          0          1
1.219    0.999916 -0.00937191  0.00895519     1.32177   0.0114663    0.961708   -0.273838   -0.196152 -0.00604589    0.273918    0.961734     1.96866           0           0           0           1
1.237    0.999952 -0.00687803  0.00692049     1.31376  0.00827478    0.973631   -0.227979   -0.198038 -0.00516996    0.228026    0.973641     1.96895           0           0           0           1
1.263    0.999987 -0.00337862  0.00391036     1.30346  0.00398441    0.985939   -0.167055   -0.198846 -0.00329096    0.167069     0.98594     1.96937           0           0           0           1
1.285     0.999999 -0.000339344   0.00134693      1.29419  0.000487208     0.993782    -0.111344    -0.198524  -0.00130078     0.111345     0.993781      1.96971            0            0            0            1
1.3     0.999999   0.00139441 -9.27144e-07       1.2882  -0.00139049     0.997138   -0.0755918    -0.198164 -0.000104481    0.0755917     0.997139       1.9699            0            0            0            1
1.329    0.999991  0.00391516 -0.00150143      1.2766 -0.00392821    0.999954 -0.00879217   -0.198075  0.00146693  0.00879799     0.99996     1.97016           0           0           0           1
1.355    0.999985  0.00513423 -0.00168753     1.26615 -0.00504773    0.998845   0.0477872   -0.198843  0.00193094   -0.047778    0.998856     1.97025           0           0           0           1
1.371    0.999984   0.0053952 -0.00139823     1.25969  -0.0052646    0.996717   0.0807975   -0.199582  0.00182956  -0.0807888     0.99673     1.97025           0           0           0           1
1.407     0.999987   0.00502213 -0.000522216      1.24526  -0.00488856      0.98886     0.148767    -0.200699   0.00126353    -0.148763     0.988872      1.97017            0            0            0            1
1.443    0.999994   0.0035324  0.00016161     1.23096 -0.00348902    0.978216     0.20756   -0.200522 0.000575095   -0.207559    0.978222        1.97           0           0           0           1
1.467    0.999998  0.00206203 0.000358055     1.22147 -0.00208747    0.970403    0.241483   -0.199655 0.000150488   -0.241484    0.970405     1.96985           0           0           0           1
1.482     0.999999   0.00109268  0.000402463      1.21552  -0.00115978     0.965509     0.260367    -0.199021 -0.000104084    -0.260368      0.96551      1.96976            0            0            0            1
1.507            1 -0.000356018  0.000502198      1.20555  0.000196504      0.95773     0.287667    -0.198327 -0.000583385    -0.287667      0.95773      1.96964            0            0            0            1
1.531    0.999999 -0.00145633 0.000688802     1.19591  0.00117219    0.951052    0.309028   -0.198211 -0.00110513   -0.309026    0.951053     1.96956           0           0           0           1
1.554    0.999997  -0.0021903 0.000920622     1.18662  0.00177196    0.945664    0.325141   -0.198487 -0.00158276   -0.325139    0.945665     1.96952           0           0           0           1
1.577    0.999996 -0.00257972  0.00110157     1.17734  0.00205741     0.94147    0.337091   -0.198866 -0.00190669   -0.337088    0.941471     1.96952           0           0           0           1
1.603    0.999996 -0.00262917  0.00113644      1.1669  0.00207409    0.938322    0.345755   -0.199128  -0.0019754   -0.345751    0.938324     1.96954           0           0           0           1
1.636    0.999997 -0.00223066 0.000863219     1.15376  0.00178798    0.936866    0.349685   -0.199038 -0.00158875   -0.349682    0.936867      1.9696           0           0           0           1
1.667     0.999999  -0.00158215  0.000353054      1.14145   0.00136174     0.938027     0.346561    -0.198652 -0.000879485     -0.34656     0.938027      1.96968            0            0            0            1
1.686     0.999999  -0.00116133 -1.74812e-06      1.13428   0.00109196     0.939746     0.341872    -0.198395 -0.000395385    -0.341872     0.939746      1.96972            0            0            0            1
1.701            1 -0.000814417 -0.000277315      1.12789  0.000860245     0.941833     0.336082    -0.198261 -1.25263e-05    -0.336082     0.941833      1.96977            0            0            0            1
1.713            1 -0.000586349 -0.000434012      1.12308  0.000696913     0.943695     0.330815    -0.198248  0.000215602    -0.330816     0.943695       1.9698            0            0            0            1
1.74            1 -0.000192842 -0.000634686      1.11264  0.000384036     0.948458     0.316902    -0.198423  0.000540861    -0.316902     0.948458      1.96986            0            0            0            1
1.755            1 -1.48622e-05 -0.000684507      1.10622   0.00022409     0.951803     0.306709    -0.198618  0.000646958    -0.306709     0.951803       1.9699            0            0            0            1
1.786            1  0.000205673 -0.000739877      1.09378  1.27843e-05     0.958875     0.283829     -0.19896  0.000767825    -0.283829     0.958875      1.96996            0            0            0            1
1.82            1  0.000253134 -0.000836681      1.08013 -3.19202e-05     0.967089     0.254437    -0.199097  0.000873552    -0.254437     0.967089         1.97            0            0            0            1
1.829            1   0.00022894 -0.000873778      1.07652 -6.98676e-06     0.969278     0.245966    -0.199081  0.000903245    -0.245966     0.969278         1.97            0            0            0            1
1.837            1  0.000207099 -0.000899501      1.07412  1.50226e-05     0.970724     0.240199    -0.199063  0.000922912    -0.240199     0.970723      1.97001            0            0            0            1
1.855            1   0.00011911 -0.000968196      1.06613  9.72715e-05     0.975395     0.220463    -0.199005  0.000970633    -0.220463     0.975395      1.97002            0            0            0            1
1.874    0.999999 1.64933e-05 -0.00100711     1.05855 0.000186322    0.979581    0.201049   -0.198961 0.000989858    -0.20105    0.979581     1.97003           0           0           0           1
1.904     0.999999 -0.000173672   -0.0010212      1.04655  0.000344114     0.985554     0.169361     -0.19891  0.000977037    -0.169361     0.985554      1.97003            0            0            0            1
1.93     0.999999 -0.000355738 -0.000999693      1.03614   0.00049331     0.989984     0.141178    -0.198864  0.000939458    -0.141178     0.989984      1.97002            0            0            0            1
1.964     0.999999 -0.000595991 -0.000945722      1.02256  0.000691074     0.994582     0.103954    -0.198786  0.000878643    -0.103954     0.994582      1.96999            0            0            0            1
1.982     0.999999 -0.000703493 -0.000916573      1.01617  0.000780139     0.996252    0.0864984    -0.198739  0.000852286   -0.0864991     0.996252      1.96998            0            0            0            1
2.011     0.999999 -0.000866062 -0.000847912       1.0038  0.000910103     0.998573    0.0533978    -0.198663  0.000800457   -0.0533985     0.998573      1.96995            0            0            0            1
2.052     0.999999 -0.000979187 -0.000752536     0.987722  0.000988808     0.999916    0.0128925    -0.198622  0.000739849   -0.0128932     0.999917      1.96994            0            0            0            1
2.074     0.999999  -0.00100168 -0.000706778     0.978765  0.000995884     0.999966  -0.00815149    -0.198611   0.00071492   0.00815078     0.999967      1.96994            0            0            0            1
2.101     0.999999 -0.000998432 -0.000670715     0.967328  0.000975531     0.999444    -0.033318    -0.198588  0.000703608    0.0333173     0.999445      1.96995            0            0            0            1
2.119     0.999999 -0.000983036 -0.000663831     0.960003  0.000949812     0.998831   -0.0483201    -0.198564  0.000710555    0.0483194     0.998832      1.96996            0            0            0            1
2.139     0.999999 -0.000956599 -0.000666291     0.951945  0.000912178     0.997965   -0.0637497    -0.198533  0.000725919    0.0637491     0.997966      1.96998            0            0            0            1
2.15     0.999999 -0.000938133 -0.000669158     0.947563   0.00088778      0.99743   -0.0716458    -0.198518  0.000734652    0.0716452      0.99743      1.96999            0            0            0            1
2.166     0.999999 -0.000905927 -0.000670102      0.94124  0.000847663     0.996603   -0.0823555    -0.198505  0.000742434    0.0823549     0.996603      1.96999            0            0            0            1
2.181     0.999999 -0.000870523 -0.000665336     0.935351  0.000805959     0.995801   -0.0915459    -0.198504  0.000742234    0.0915453     0.995801         1.97            0            0            0            1
2.201     0.999999 -0.000817537 -0.000650362     0.927523  0.000746562     0.994732    -0.102509    -0.198516  0.000730741     0.102509     0.994732         1.97            0            0            0            1
2.219            1 -0.000766474 -0.000629624     0.920478  0.000691768     0.993807    -0.111114    -0.198534  0.000710891     0.111114     0.993807         1.97            0            0            0            1
2.238            1 -0.000711755 -0.000602495      0.91302  0.000635068     0.992906    -0.118901    -0.198556   0.00068285     0.118901     0.992906      1.96999            0            0            0            1
2.249            1  -0.00068351 -0.000587075     0.909082  0.000606468     0.992472    -0.122467    -0.198566  0.000666363     0.122467     0.992472      1.96998            0            0            0            1
2.263            1  -0.00064532 -0.000565168     0.903553  0.000568418     0.991922    -0.126847    -0.198578   0.00064246     0.126846     0.991922      1.96998            0            0            0            1
2.277            1 -0.000606487 -0.000542023     0.897604  0.000530407     0.991414    -0.130756    -0.198588  0.000616671     0.130756     0.991414      1.96997            0            0            0            1
2.299            1 -0.000553297 -0.000508588     0.888813  0.000479539     0.990838    -0.135057    -0.198596  0.000578655     0.135056     0.990838      1.96997            0            0            0            1
2.313            1 -0.000521807 -0.000488515     0.883189  0.000450002     0.990581    -0.136927    -0.198594  0.000555364     0.136927     0.990581      1.96997            0            0            0            1
2.332            1 -0.000481593 -0.000463739     0.875555  0.000412763     0.990373    -0.138425    -0.198581  0.000525939     0.138424     0.990373      1.96998            0            0            0            1
2.35            1 -0.000447133 -0.000443184     0.868738  0.000381298     0.990322    -0.138786    -0.198561  0.000500951     0.138786     0.990322      1.96998            0            0            0            1
2.37            1 -0.000407003 -0.000418783     0.860736  0.000345279     0.990421    -0.138081    -0.198532  0.000470971     0.138081     0.990421      1.96999            0            0            0            1
2.388            1 -0.000367375 -0.000392518     0.853133  0.000310431     0.990663    -0.136335    -0.198508  0.000438939     0.136335     0.990663      1.96999            0            0            0            1
2.412            1 -0.000313468 -0.000353346     0.843495  0.000263799     0.991154    -0.132719    -0.198483  0.000391824     0.132719     0.991154      1.96999            0            0            0            1
2.432            1 -0.000268642 -0.000320257     0.835849  0.000225148     0.991668    -0.128822    -0.198466  0.000352196     0.128822     0.991668      1.96999            0            0            0            1
2.447            1 -0.000231048 -0.000293773     0.829419  0.000192552     0.992172    -0.124882    -0.198449  0.000320327     0.124882     0.992172      1.96999            0            0            0            1
2.47            1 -0.000177682 -0.000257182     0.820193  0.000146012     0.992979    -0.118289    -0.198426  0.000276394     0.118289     0.992979      1.96999            0            0            0            1
2.485            1 -0.000144286 -0.000235169     0.814183  0.000116675     0.993544    -0.113449    -0.198412   0.00025002     0.113448     0.993544      1.96999            0            0            0            1
2.5            1 -0.000112214 -0.000215058     0.808189  8.82783e-05     0.994126    -0.108233    -0.198399  0.000225939     0.108233     0.994126      1.96999            0            0            0            1
2.512            1 -8.75403e-05   -0.0002001     0.803407  6.62927e-05     0.994596    -0.103821    -0.198388  0.000208107     0.103821     0.994596      1.96999            0            0            0            1
2.528            1 -4.81132e-05 -0.000233618     0.798047  2.50676e-05      0.99522    -0.097662    -0.198298    0.0002372     0.097662      0.99522      1.96905            0            0            0            1
2.544            1 -1.04258e-06 -0.000362754     0.794895 -3.20616e-05     0.995828    -0.091246     -0.19807  0.000361336     0.091246     0.995828      1.96603            0            0            0            1
2.564            1  7.17221e-05 -0.000534159     0.794006 -0.000115796     0.996552    -0.082973    -0.197701  0.000526366     0.082973     0.996552      1.95933            0            0            0            1
2.58            1  0.000178637 -0.000553755     0.795236 -0.000220334      0.99709   -0.0762368    -0.197483  0.000538525    0.0762369      0.99709      1.95198            0            0            0            1
2.601            1  0.000413431 -0.000268362     0.798281 -0.000430569     0.997728   -0.0673628    -0.197509  0.000239903    0.0673629     0.997729      1.94065            0            0            0            1
2.617            1  0.000644369  0.000214438     0.800932 -0.000630177     0.998159   -0.0606496    -0.197835 -0.000253124    0.0606494     0.998159      1.93144            0            0            0            1
2.639     0.999999  0.000964797   0.00113914       0.8042 -0.000904772     0.998669   -0.0515674    -0.198632  -0.00118737    0.0515663     0.998669      1.91871            0            0            0            1
2.659    0.999997  0.00113888  0.00206839    0.806387 -0.00104776    0.999052  -0.0435307   -0.199513   -0.002116   0.0435284     0.99905     1.90773           0           0           0           1
2.681    0.999995  0.00110771  0.00293163    0.807829 -0.00100444    0.999387  -0.0349948   -0.200351  -0.0029686   0.0349917    0.999383      1.8967           0           0           0           1
2.696    0.999994 0.000956571  0.00330795    0.808275 -0.00085775    0.999557   -0.029747    -0.20071 -0.00333494    0.029744    0.999552     1.89029           0           0           0           1
2.713     0.999993  0.000649585   0.00355868      0.80848 -0.000566716      0.99973   -0.0232384    -0.200915  -0.00357281    0.0232362     0.999724      1.88264            0            0            0            1
2.729     0.999994   0.00032217   0.00359078     0.808447 -0.000258586     0.999843   -0.0176941    -0.200888  -0.00359592    0.0176931     0.999837      1.87622            0            0            0            1
2.754     0.999994 -0.000163946   0.00341824     0.808199  0.000197551     0.999952  -0.00983304    -0.200624  -0.00341646   0.00983366     0.999946      1.86699            0            0            0            1
2.765     0.999995 -0.000377612   0.00326911     0.808027  0.000397597     0.999981  -0.00611478    -0.200441  -0.00326674   0.00611604     0.999976      1.86249            0            0            0            1
2.79     0.999995 -0.000677697   0.00298173     0.807702  0.000675973            1  0.000579315    -0.200135  -0.00298212 -0.000577296     0.999995      1.85387            0            0            0            1
2.806     0.999996 -0.000801214   0.00279175     0.807482  0.000786117     0.999985   0.00540441    -0.199977  -0.00279604  -0.00540219     0.999981      1.84704            0            0            0            1
2.823     0.999996 -0.000832987   0.00265218     0.807319  0.000807457     0.999953   0.00961254    -0.199901  -0.00266007  -0.00961036      0.99995      1.84051            0            0            0            1
2.848     0.999997 -0.000771415   0.00251026      0.80717  0.000733299     0.999885    0.0151499    -0.199885  -0.00252165    -0.015148     0.999882      1.83072            0            0            0            1
2.866     0.999997 -0.000664964   0.00244085     0.807127  0.000619335     0.999826    0.0186471    -0.199922  -0.00245282   -0.0186455     0.999823      1.82359            0            0            0            1
2.885     0.999997 -0.000520801   0.00238206     0.807128  0.000468548      0.99976    0.0218844    -0.199979  -0.00239289   -0.0218833     0.999758      1.81601            0            0            0            1
2.904     0.999997 -0.000377268   0.00232801     0.807155  0.000320084     0.999699     0.024515    -0.200029  -0.00233656   -0.0245142     0.999697      1.80881            0            0            0            1
2.92     0.999997 -0.000247893   0.00227398     0.807193  0.000187297     0.999646     0.026609    -0.200067  -0.00227977   -0.0266085     0.999643      1.80199            0            0            0            1
2.931     0.999997 -0.000173489   0.00223815     0.807217  0.000111287     0.999615    0.0277622    -0.200086   -0.0022421   -0.0277619     0.999612      1.79758            0            0            0            1
2.966     0.999998 -4.52955e-06   0.00213003     0.807272 -6.02089e-05     0.999538    0.0303921     -0.20012  -0.00212919   -0.0303922     0.999536      1.78356            0            0            0            1
2.99     0.999998  7.11234e-05   0.00204983     0.807283 -0.000135248      0.99951    0.0312997     -0.20013  -0.00204659   -0.0312999     0.999508      1.77396            0            0            0            1
3.006     0.999998  0.000109645   0.00199265      0.80728 -0.000172385     0.999503    0.0315127    -0.200132  -0.00198821    -0.031513     0.999501      1.76757            0            0            0            1
3.031     0.999998  0.000145933   0.00191051     0.807265 -0.000205565     0.999512    0.0312496    -0.200132  -0.00190501   -0.0312499      0.99951      1.75759            0            0            0            1
3.045     0.999998   0.00015567   0.00187017     0.807255 -0.000213193     0.999526    0.0307975    -0.200131  -0.00186448   -0.0307979     0.999524        1.752            0            0            0            1
3.052     0.999998  0.000157677   0.00185215      0.80725 -0.000214083     0.999535    0.0304937    -0.200131  -0.00184648    -0.030494     0.999533      1.74921            0            0            0            1
3.071     0.999998  0.000149143   0.00181476     0.807241 -0.000202484     0.999567    0.0294279    -0.200127  -0.00180958   -0.0294283     0.999565      1.74164            0            0            0            1
3.089     0.999998  0.000129118   0.00179115     0.807237 -0.000179404     0.999605    0.0281031    -0.200122  -0.00178681   -0.0281034     0.999603      1.73446            0            0            0            1
3.105     0.999998  0.000108997   0.00177622     0.807236 -0.000156344     0.999644    0.0266775    -0.200118  -0.00177268   -0.0266777     0.999643      1.72808            0            0            0            1
3.124     0.999998  8.40228e-05   0.00176422     0.807238 -0.000127588     0.999695     0.024708    -0.200112  -0.00176161   -0.0247082     0.999693      1.72049            0            0            0            1
3.137    0.999998 6.79253e-05  0.00175832     0.80724  -0.0001087    0.999731   0.0231999   -0.200107 -0.00175627  -0.0232001    0.999729      1.7153           0           0           0           1
3.153     0.999998  4.74406e-05   0.00175369     0.807241 -8.45819e-05     0.999776    0.0211849    -0.200102  -0.00175229    -0.021185     0.999774       1.7089            0            0            0            1
3.172     0.999998  2.42983e-05   0.00175088     0.807243 -5.70859e-05     0.999825    0.0187287    -0.200097  -0.00175011   -0.0187288     0.999823       1.7017            0            0            0            1
3.191     0.999998  4.01722e-06   0.00174742     0.807243 -3.16007e-05     0.999875    0.0157856    -0.200092  -0.00174714   -0.0157856     0.999874       1.6937            0            0            0            1
3.205    0.999998 -3.7707e-06  0.00174382    0.807243 -2.0232e-05    0.999905   0.0137642   -0.200089 -0.00174371  -0.0137642    0.999904      1.6885           0           0           0           1
3.221     0.999998 -1.10575e-05   0.00173871     0.807241  -8.0962e-06     0.999939    0.0110157    -0.200087  -0.00173872   -0.0110157     0.999938      1.68168            0            0            0            1
3.236     0.999998 -1.42701e-05   0.00173348      0.80724 -4.76034e-07     0.999964   0.00850634    -0.200085  -0.00173354  -0.00850633     0.999962      1.67566            0            0            0            1
3.253    0.999999 -1.4893e-05  0.00172697    0.807238 5.24623e-06    0.999984  0.00558583   -0.200083 -0.00172702 -0.00558582    0.999983     1.66883           0           0           0           1
3.268     0.999999 -1.17013e-05   0.00171952     0.807236  6.61987e-06     0.999996   0.00295515    -0.200082  -0.00171954  -0.00295513     0.999994      1.66281            0            0            0            1
3.291     0.999999 -8.11769e-07    0.0017051     0.807233  2.76198e-06     0.999999  -0.00114375    -0.200082   -0.0017051   0.00114375     0.999998      1.65361            0            0            0            1
3.309     0.999999  1.76629e-05   0.00168952      0.80723 -1.02494e-05      0.99999  -0.00438785    -0.200083  -0.00168958   0.00438783     0.999989      1.64641            0            0            0            1
3.33     0.999999    4.981e-05    0.0016678     0.807226 -3.61627e-05     0.999967   -0.0081818    -0.200087  -0.00166816   0.00818173     0.999965      1.63803            0            0            0            1
3.343     0.999999  7.46248e-05   0.00165315     0.807224 -5.72267e-05     0.999945   -0.0105217     -0.20009  -0.00165385    0.0105216     0.999943      1.63284            0            0            0            1
3.368     0.999999  0.000122198   0.00162736     0.807218 -9.81184e-05     0.999891   -0.0147885    -0.200096  -0.00162899    0.0147883     0.999889      1.62326            0            0            0            1
3.389     0.999999   0.00017052   0.00160499     0.807214 -0.000140887      0.99983   -0.0184454    -0.200103  -0.00160786    0.0184451     0.999829      1.61487            0            0            0            1
3.407     0.999999  0.000223432   0.00158449     0.807209 -0.000189036     0.999765   -0.0216754    -0.200111  -0.00158896    0.0216751     0.999764      1.60726            0            0            0            1
3.425     0.999999  0.000278381   0.00156684     0.807205 -0.000239677     0.999696   -0.0246477     -0.20012  -0.00157322    0.0246473     0.999695      1.60003            0            0            0            1
3.441     0.999999  0.000324882   0.00155387     0.807201 -0.000282494      0.99963   -0.0272021    -0.200127  -0.00156214    0.0272016     0.999629      1.59358            0            0            0            1
3.46    0.999999 0.000376065  0.00154023    0.807197 -0.00032951    0.999546  -0.0301156   -0.200135 -0.00155086    0.030115    0.999545     1.58595           0           0           0           1
3.482     0.999999  0.000428991   0.00152531     0.807193 -0.000377946     0.999445   -0.0333095    -0.200144  -0.00153875    0.0333089     0.999444      1.57713            0            0            0            1
3.5     0.999999  0.000474414   0.00151152     0.807189 -0.000420041      0.99936   -0.0357721    -0.200151  -0.00152752    0.0357714     0.999359      1.56994            0            0            0            1
3.52     0.999999  0.000530085   0.00149436     0.807185 -0.000472404     0.999265    -0.038339     -0.20016  -0.00151359    0.0383382     0.999264      1.56197            0            0            0            1
3.545     0.999999   0.00060234    0.0014734     0.807179 -0.000541008     0.999148   -0.0412779    -0.200171  -0.00149701     0.041277     0.999147      1.55201            0            0            0            1
3.564     0.999999  0.000656809   0.00145958     0.807173 -0.000593141     0.999066   -0.0432008    -0.200179  -0.00148659    0.0431999     0.999065      1.54483            0            0            0            1
3.583     0.999999  0.000709051   0.00144924     0.807167 -0.000643048     0.998985   -0.0450471    -0.200186  -0.00147971    0.0450461     0.998984      1.53725            0            0            0            1
3.597     0.999999  0.000743184   0.00144543     0.807162 -0.000675363     0.998924   -0.0463687    -0.200191  -0.00147833    0.0463677     0.998923      1.53126            0            0            0            1
3.619     0.999999  0.000776156   0.00144882     0.807156 -0.000705588     0.998843   -0.0480877    -0.200196  -0.00148446    0.0480866     0.998842      1.52243            0            0            0            1
3.64     0.999999   0.00079576   0.00145758     0.807151 -0.000722746     0.998778   -0.0494264    -0.200198  -0.00149513    0.0494253     0.998777      1.51437            0            0            0            1
3.656     0.999999  0.000809285   0.00146553     0.807147 -0.000734476     0.998732   -0.0503456    -0.200199  -0.00150442    0.0503444     0.998731      1.50793            0            0            0            1
3.674     0.999999  0.000822197   0.00147485     0.807143 -0.000745511     0.998685   -0.0512633      -0.2002  -0.00151506    0.0512622     0.998684       1.5003            0            0            0            1
3.692     0.999999  0.000831032   0.00148384     0.807139 -0.000752806     0.998649    -0.051962      -0.2002  -0.00152502    0.0519608     0.998648      1.49306            0            0            0            1
3.707    0.999999 0.000836425  0.00149076    0.807136 -0.00075713    0.998625  -0.0524205     -0.2002 -0.00153256   0.0524193    0.998624     1.48703           0           0           0           1
3.722     0.999999  0.000838034   0.00149623     0.807132 -0.000757942     0.998607   -0.0527496    -0.200199  -0.00153835    0.0527484     0.998607      1.48142            0            0            0            1
3.737     0.999999  0.000836103   0.00150123     0.807129 -0.000755345     0.998594   -0.0530124    -0.200197  -0.00154344    0.0530112     0.998593      1.47503            0            0            0            1
3.758     0.999999  0.000830236   0.00150676     0.807123 -0.000748932     0.998585   -0.0531807    -0.200194  -0.00154878    0.0531795     0.998584      1.46664            0            0            0            1
3.776    0.999999 0.000829663  0.00151056    0.807117 -0.00074817    0.998585  -0.0531724   -0.200192 -0.00155254   0.0531712    0.998584     1.45945           0           0           0           1
3.791     0.999999  0.000833542   0.00151278     0.807112 -0.000752094     0.998591   -0.0530639    -0.200191  -0.00155488    0.0530626      0.99859      1.45347            0            0            0            1
3.806    0.999999 0.000838197  0.00151479    0.807107 -0.00075694    0.998601  -0.0528687    -0.20019 -0.00155699   0.0528674      0.9986     1.44749           0           0           0           1
3.821     0.999998  0.000842164   0.00151701     0.807102 -0.000761216     0.998616   -0.0525921    -0.200189  -0.00155921    0.0525908     0.998615      1.44151            0            0            0            1
3.841     0.999998  0.000850075   0.00151996     0.807094 -0.000769724     0.998641   -0.0521045    -0.200188  -0.00156219    0.0521033      0.99864      1.43355            0            0            0            1
3.876     0.999998  0.000890523   0.00152391      0.80708 -0.000811716     0.998701   -0.0509555    -0.200191  -0.00156731    0.0509542       0.9987       1.4196            0            0            0            1
3.885     0.999998  0.000914624     0.001524     0.807076 -0.000836334     0.998718   -0.0506035    -0.200194  -0.00156833    0.0506021     0.998718      1.41601            0            0            0            1
3.901     0.999998  0.000960443   0.00152502     0.807069 -0.000883101     0.998752   -0.0499302    -0.200201  -0.00157107    0.0499287     0.998752      1.40962            0            0            0            1
3.92     0.999998   0.00100448   0.00152906     0.807061 -0.000928248     0.998795   -0.0490638    -0.200207   -0.0015765    0.0490623     0.998794      1.40202            0            0            0            1
3.937     0.999998   0.00103385   0.00153299     0.807056 -0.000958473     0.998828   -0.0483836    -0.200212  -0.00158121    0.0483821     0.998828      1.39643            0            0            0            1
3.957    0.999998  0.00107905   0.0015397    0.807049 -0.00100517    0.998885   -0.047202   -0.200219 -0.00158891   0.0472003    0.998884     1.38723           0           0           0           1
3.966    0.999998   0.0010939  0.00154231    0.807046 -0.00102056    0.998905  -0.0467753   -0.200222 -0.00159179   0.0467736    0.998904     1.38402           0           0           0           1
3.984    0.999998  0.00112257  0.00155112     0.80704 -0.00105036     0.99895  -0.0457933   -0.200226  -0.0016009   0.0457916     0.99895     1.37676           0           0           0           1
4.001    0.999998    0.001144  0.00156015    0.807034 -0.00107289    0.998993  -0.0448457   -0.200229 -0.00160988   0.0448439    0.998993      1.3699           0           0           0           1
